word 1167 505 1940 513 1929 770 1160 740
word 390 817 629 828 621 890 390 882
word 667 863 1002 878 998 936 667 917
word 1544 886 1771 901 1767 955 1537 943
word 1817 897 1914 901 1910 955 1817 951
word 483 940 671 951 667 1009 475 997
word 867 967 1056 978 1052 1020 871 1013
word 1244 974 1437 982 1429 1055 1237 1036
word 1994 1017 2275 1032 2271 1097 1987 1082
word 2394 1043 2698 1055 2691 1120 2398 1109
word 379 1040 721 1059 721 1140 379 1124
word 383 1151 729 1167 721 1232 379 1205
word 771 1063 898 1070 894 1143 775 1140
word 760 1170 875 1170 873 1227 760 1224
word 1144 1090 1414 1101 1414 1174 1133 1170
word 1129 1190 1467 1197 1462 1302 1129 1286
word 1979 1147 2214 1155 2205 1220 1967 1213
word 1975 1243 2194 1251 2187 1309 1971 1297
word 2606 1178 2733 1186 2733 1243 2605 1234
word 2517 1267 2706 1278 2702 1347 2514 1336
word 406 1590 564 1601 556 1678 398 1663
word 921 1640 1406 1670 1405 1745 914 1713
word 2310 1751 2548 1774 2544 1824 2302 1805
word 1048 2036 1594 2078 1590 2143 1044 2101
