word 655 100 1008 109 1003 199 660 193
word 262 252 381 255 377 286 259 276
word 404 255 731 267 722 308 406 307
word 833 266 938 270 938 304 829 298
word 967 263 1142 268 1138 293 963 291
word 309 308 400 308 396 336 305 336
word 499 314 591 316 588 345 494 340
word 685 321 779 322 776 348 685 348
word 1047 331 1164 332 1165 364 1042 358
word 1228 332 1353 337 1353 367 1224 364
word 265 359 426 361 426 385 267 382
word 455 363 494 364 490 390 453 386
word 645 366 718 370 715 395 644 394
word 1046 378 1140 380 1138 407 1044 404
word 1277 386 1365 387 1365 411 1279 411
word 256 639 340 640 340 667 256 668
word 529 643 669 645 672 672 527 670
word 1201 654 1303 655 1303 680 1200 682
word 591 846 865 854 863 880 591 875
