word 1683 384 2710 374 2713 637 1677 647
word 447 870 813 860 813 947 433 957
word 950 904 1457 890 1457 964 950 974
word 2233 870 2553 860 2557 937 2233 944
word 2677 850 2847 844 2850 914 2673 917
word 597 1037 883 1030 880 1120 593 1120
word 1193 1030 1497 1030 1493 1110 1193 1117
word 1803 1024 2070 1020 2073 1104 1797 1104
word 2897 1020 3243 1007 3247 1097 2903 1100
word 3430 1004 3800 997 3800 1080 3443 1094
word 498 1229 1028 1219 1025 1286 501 1299
word 1110 1214 1237 1210 1243 1284 1103 1287
word 1703 1200 1960 1194 1953 1264 1707 1280
word 2947 1174 3233 1164 3237 1240 2953 1257
word 3653 1160 3883 1154 3890 1214 3650 1234
word 437 2100 723 2087 713 2180 430 2197
word 1363 2080 1753 2054 1740 2164 1360 2180
word 3507 1990 3807 1977 3813 2044 3520 2070
word 1573 2737 2450 2687 2467 2770 1580 2817
