word 924 348 1630 318 1628 510 922 526
word 160 694 382 688 384 740 158 744
word 484 684 794 680 794 720 480 720
word 1282 680 1504 676 1506 720 1284 728
word 1610 656 1694 652 1696 696 1614 700
word 258 798 424 794 422 844 258 846
word 618 798 792 794 790 840 618 842
word 996 796 1164 790 1166 836 992 836
word 1750 786 1996 776 1996 824 1750 830
word 2154 772 2424 768 2428 820 2150 824
word 220 890 528 888 526 926 218 930
word 580 886 688 888 688 930 574 928
word 960 888 1170 888 1166 932 948 928
word 1798 886 1998 888 1998 926 1800 926
word 2394 884 2514 882 2518 922 2396 926
word 222 978 526 976 522 1012 220 1014
word 578 976 654 974 652 1016 578 1016
word 956 972 1094 972 1096 1016 952 1016
word 1800 978 1992 976 1992 1014 1800 1016
word 2336 976 2516 978 2518 1016 2336 1018
word 222 1058 522 1060 520 1102 216 1100
word 580 1062 684 1062 686 1104 576 1104
word 950 1060 1198 1060 1200 1104 946 1104
word 1798 1068 1998 1070 1996 1108 1796 1110
word 2430 1072 2516 1072 2520 1114 2428 1114
word 162 1462 328 1460 330 1508 170 1514
word 728 1456 1152 1460 1150 1512 728 1504
word 2172 1484 2390 1486 2388 1528 2170 1530
word 832 1876 1396 1904 1392 1936 832 1928
