word 1000 41 1747 36 1744 238 1000 241
word 155 407 400 404 402 458 153 458
word 478 400 823 407 823 453 478 445
word 1381 409 1610 411 1610 460 1380 460
word 1695 405 1812 409 1812 454 1687 458
word 263 522 446 515 446 575 253 581
word 664 519 859 517 861 581 668 581
word 1070 526 1263 522 1264 577 1064 579
word 1859 522 2098 524 2098 577 1849 577
word 2238 524 2506 524 2506 581 2246 585
word 181 624 527 630 525 673 180 670
word 589 632 778 634 778 687 585 679
word 998 634 1225 638 1223 694 989 690
word 1872 658 2068 656 2068 709 1866 711
word 2402 670 2557 666 2559 717 2398 724
word 166 1253 347 1247 347 1313 172 1317
word 747 1245 1193 1260 1193 1307 742 1304
word 2212 1268 2400 1271 2404 1319 2215 1321
word 895 1692 1485 1688 1485 1741 893 1747
