word 1002 49 1742 41 1744 241 1000 247
word 164 405 406 404 406 462 155 460
word 495 447 832 449 831 488 493 490
word 1383 407 1612 407 1608 466 1380 468
word 1697 424 1793 422 1791 481 1700 479
word 276 521 447 521 451 585 266 583
word 661 524 866 526 861 585 659 585
word 1064 524 1266 526 1261 583 1064 583
word 1851 522 2100 521 2104 583 1849 587
word 2246 522 2508 519 2508 583 2244 583
word 204 673 542 671 544 722 202 722
word 595 670 683 670 685 726 591 724
word 1006 666 1166 664 1163 724 1002 724
word 1885 671 2085 670 2085 722 1885 721
word 2402 673 2574 664 2576 715 2400 722
word 170 1254 357 1256 355 1313 170 1313
word 780 1285 1155 1285 1153 1336 778 1336
word 2253 1273 2455 1271 2459 1322 2244 1321
word 895 1690 1481 1694 1481 1741 900 1747
