word 867 174 1627 176 1627 362 867 367
word 7 520 260 520 258 574 3 578
word 335 560 680 556 682 600 333 605
word 1260 529 1489 529 1491 578 1258 580
word 1569 531 1694 534 1696 582 1563 582
word 120 629 305 629 307 689 118 691
word 527 629 723 631 718 691 527 685
word 938 638 1131 638 1131 694 938 691
word 1740 631 1994 631 1996 698 1743 696
word 2138 640 2411 636 2418 694 2145 705
word 31 780 387 774 387 834 31 831
word 447 778 529 776 531 829 443 829
word 865 776 1025 776 1021 825 861 822
word 1760 778 1960 774 1960 816 1760 820
word 2289 771 2460 769 2465 811 2291 820
word 11 1342 194 1340 191 1400 14 1400
word 627 1367 936 1367 936 1416 627 1420
word 2120 1351 2338 1349 2338 1396 2120 1407
word 758 1767 1345 1769 1349 1820 756 1822
