word 883 180 1644 176 1640 363 887 363
word 23 529 283 527 278 584 23 591
word 398 582 738 576 742 621 395 623
word 1283 531 1515 531 1512 578 1281 578
word 1630 546 1747 548 1749 599 1621 599
word 144 642 330 638 332 695 136 697
word 551 642 744 640 740 693 547 695
word 961 642 1151 633 1155 691 966 693
word 1759 638 2019 633 2021 684 1759 691
word 2157 633 2436 631 2438 691 2161 695
word 93 804 444 801 444 844 93 852
word 498 795 738 795 740 844 495 846
word 923 791 1270 791 1270 838 923 844
word 1821 786 2019 786 2017 831 1821 831
word 2361 780 2519 778 2521 821 2370 825
word 95 910 447 904 444 946 93 952
word 508 893 783 889 783 940 508 948
word 927 889 1278 882 1270 967 917 980
word 1823 876 2019 876 2017 918 1819 918
word 2364 865 2523 859 2525 906 2370 916
word 95 1001 444 991 444 1035 93 1040
word 508 989 706 984 702 1029 504 1035
word 917 986 1234 980 1230 1016 917 1029
word 1810 963 2019 959 2019 1006 1808 1012
word 2366 955 2519 948 2523 995 2364 1001
word 102 1080 447 1074 449 1121 100 1123
word 504 1067 627 1065 627 1127 500 1127
word 923 1063 1302 1063 1306 1138 927 1174
word 1819 1048 2025 1044 2025 1097 1819 1106
word 2344 1038 2519 1033 2525 1078 2344 1084
word 42 1357 225 1355 225 1406 44 1412
word 685 1391 1183 1378 1187 1427 687 1438
word 2185 1357 2402 1355 2404 1412 2185 1414
word 785 1769 1389 1767 1391 1816 785 1823
