word 470 117 791 120 788 201 471 199
word 98 262 206 264 205 288 99 285
word 264 279 563 284 561 305 262 301
word 630 273 730 274 731 295 629 293
word 788 278 879 279 879 302 784 301
word 142 311 226 312 224 339 139 336
word 320 317 406 317 403 342 314 338
word 496 320 577 321 576 344 493 341
word 836 322 947 324 946 348 835 345
word 1007 327 1127 325 1127 349 1008 349
word 130 375 281 376 282 395 130 395
word 307 376 342 376 343 399 307 399
word 482 378 554 379 552 403 481 401
word 866 387 952 387 954 407 869 408
word 1094 389 1172 390 1174 407 1095 410
word 94 626 172 627 172 650 94 652
word 375 640 509 642 508 665 375 663
word 1022 648 1118 649 1118 670 1022 669
word 414 820 670 821 670 844 412 841
