word 461 37 817 42 817 132 459 128
word 32 204 161 205 161 234 30 231
word 174 221 341 222 339 242 172 243
word 644 210 756 213 755 237 642 236
word 767 215 823 216 824 240 767 239
word 90 263 183 263 183 290 87 290
word 291 266 385 264 385 290 289 291
word 493 266 583 264 583 292 491 292
word 875 270 991 272 992 296 872 295
word 1058 269 1184 270 1187 296 1056 297
word 17 330 198 332 197 353 16 350
word 228 331 268 331 268 355 227 354
word 427 330 504 332 504 355 428 355
word 854 333 951 334 949 356 854 357
word 1099 333 1182 335 1182 359 1096 358
word 20 372 198 373 196 399 18 397
word 227 375 283 374 282 402 224 400
word 428 376 542 377 540 401 426 400
word 851 378 950 378 951 398 852 401
word 1123 378 1184 378 1183 401 1124 401
word 34 620 135 617 135 645 34 645
word 311 624 570 623 570 650 308 653
word 1024 617 1126 617 1125 639 1025 640
word 410 826 693 825 696 850 409 850
