word 1064 390 1630 422 1620 564 1052 536
word 366 616 574 626 570 670 364 658
word 678 656 948 674 944 706 674 690
word 1340 676 1518 686 1514 722 1340 714
word 1614 694 1708 700 1704 738 1614 734
word 452 712 600 720 594 762 444 754
word 776 730 928 740 926 778 772 768
word 1098 750 1242 758 1238 798 1092 788
word 1698 780 1892 788 1890 828 1692 818
word 1998 794 2196 804 2196 846 1994 834
word 422 814 704 830 702 870 416 854
word 756 832 910 842 904 884 746 872
word 1078 852 1256 860 1252 900 1070 890
word 1750 886 1908 894 1904 928 1750 926
word 2146 906 2278 910 2276 948 2148 946
word 318 1290 470 1294 466 1344 312 1334
word 856 1316 1048 1324 1046 1364 854 1356
word 2024 1356 2198 1362 2192 1400 2022 1396
word 914 1662 1388 1678 1388 1722 908 1708
