word 546 106 860 122 851 203 537 182
word 177 218 287 228 283 248 175 238
word 292 237 366 245 361 267 288 259
word 699 257 794 262 793 282 696 277
word 802 272 852 273 852 296 803 294
word 220 268 300 275 294 297 213 290
word 397 283 474 287 471 312 396 306
word 564 295 647 300 642 319 565 316
word 894 315 1001 318 1000 340 892 337
word 1062 320 1178 323 1177 351 1065 346
word 154 305 309 320 304 342 149 328
word 340 323 377 325 373 348 338 344
word 509 334 585 339 583 362 509 356
word 855 357 926 361 922 383 855 378
word 1131 371 1200 373 1201 392 1130 392
word 130 571 210 575 207 598 129 597
word 306 587 602 603 598 634 301 616
word 1112 639 1204 641 1203 664 1112 661
word 451 786 717 798 714 825 449 816
