word 568 325 954 320 952 425 555 441
word 193 503 312 499 311 534 192 538
word 344 510 675 505 674 538 344 544
word 755 495 864 490 868 522 759 529
word 904 493 1032 488 1027 523 899 526
word 242 555 338 556 338 588 240 589
word 427 552 529 548 527 584 421 585
word 615 548 714 548 708 577 605 581
word 968 542 1104 538 1105 570 970 577
word 1155 538 1295 536 1295 536 1293 568
word 211 612 378 611 377 658 215 659
word 397 612 456 610 453 653 396 653
word 586 608 675 603 673 656 584 652
word 988 600 1093 597 1093 640 988 637
word 1230 596 1325 595 1325 630 1232 637
word 211 884 299 881 296 922 210 922
word 479 888 607 886 605 927 481 927
word 1159 871 1267 868 1271 911 1158 915
word 542 1079 829 1077 827 1105 541 1112
