word 1770 566 2812 579 2808 875 1758 871
word 641 996 991 996 991 1100 620 1091
word 1129 1033 1633 1050 1620 1141 1095 1129
word 2279 1029 2629 1025 2625 1116 2270 1129
word 2745 1033 2954 1033 2954 1137 2741 1137
word 741 1162 1041 1150 1045 1254 766 1258
word 1316 1158 1641 1175 1595 1271 1300 1262
word 1858 1175 2150 1175 2158 1266 1854 1266
word 2916 1183 3287 1183 3300 1279 2929 1275
word 3437 1175 3837 1183 3825 1300 3437 1287
word 704 1325 1208 1325 1195 1433 670 1429
word 1266 1337 1570 1325 1570 1458 1262 1446
word 1816 1346 2179 1341 2166 1446 1816 1450
word 3004 1346 3325 1354 3312 1471 3016 1471
word 3683 1366 3970 1354 3979 1487 3679 1483
word 562 2129 820 2137 825 2258 550 2250
word 1466 2166 2366 2154 2366 2279 1450 2287
word 3520 2171 3920 2166 3929 2275 3533 2279
word 1591 2787 2475 2791 2479 2908 1583 2900
