word 920 18 1770 10 1775 195 945 223
word 128 403 383 390 383 448 130 470
word 435 415 798 398 803 468 440 478
word 1350 368 1593 360 1593 428 1360 435
word 1643 353 1783 350 1788 425 1648 428
word 223 516 443 506 443 576 238 583
word 633 501 855 493 848 561 630 573
word 1023 501 1253 486 1255 553 1030 563
word 1825 471 2105 458 2110 541 1830 546
word 2200 466 2498 458 2503 526 2203 538
word 148 651 508 633 513 693 155 721
word 558 636 768 628 770 698 553 703
word 965 626 1203 613 1205 683 963 691
word 1838 598 2058 586 2060 663 1838 676
word 2315 591 2540 578 2543 646 2333 663
word 158 1246 350 1238 350 1306 160 1306
word 750 1226 1318 1211 1323 1298 745 1308
word 2203 1181 2460 1181 2468 1253 2213 1258
word 898 1666 1508 1646 1518 1701 903 1708
