word 975 34 1765 42 1768 282 960 277
word 145 407 403 407 395 464 138 469
word 443 427 793 422 793 479 425 484
word 1370 412 1608 412 1605 477 1365 474
word 1643 409 1795 412 1795 482 1650 479
word 243 519 463 517 455 582 240 589
word 648 517 868 514 863 584 640 587
word 1055 514 1280 517 1273 594 1050 589
word 1833 532 2118 527 2115 594 1833 599
word 2225 524 2505 522 2505 604 2223 609
word 145 654 503 654 503 712 140 712
word 550 657 645 659 645 714 543 712
word 960 647 1125 649 1125 714 955 714
word 1823 659 2075 662 2068 727 1815 724
word 2328 654 2528 649 2528 727 2333 732
word 143 1254 343 1252 345 1314 138 1319
word 720 1247 1053 1257 1048 1337 705 1332
word 2183 1254 2415 1254 2420 1319 2183 1322
word 885 1684 1495 1692 1483 1757 883 1749
