word 998 99 1780 140 1773 353 998 309
word 175 409 434 414 437 478 173 476
word 511 448 862 466 865 532 503 504
word 1370 460 1596 468 1596 532 1373 535
word 1673 476 1773 489 1762 543 1662 540
word 278 519 496 525 493 604 275 594
word 678 548 885 555 883 617 675 612
word 1073 573 1262 576 1275 637 1075 625
word 1811 591 2070 602 2065 671 1806 658
word 2162 596 2429 609 2426 676 2180 673
word 201 643 578 653 567 745 206 707
word 608 666 755 676 739 740 598 730
word 1003 678 1291 696 1288 753 1008 748
word 1829 722 2029 722 2029 773 1826 784
word 2367 745 2488 753 2485 804 2370 804
word 206 743 575 771 570 825 196 807
word 606 766 716 771 716 832 616 830
word 996 773 1191 781 1183 850 1003 845
word 1826 812 2029 809 2024 876 1826 866
word 2288 822 2480 832 2478 878 2293 884
word 880 1655 1439 1655 1439 1717 867 1714
word 152 1219 373 1222 362 1289 157 1289
word 760 1232 1149 1250 1147 1317 749 1309
word 2137 1260 2342 1273 2342 1345 2132 1343
