word 552 29 1026 37 1019 157 546 149
word 71 227 219 227 217 268 68 266
word 233 239 436 240 435 272 229 276
word 782 236 922 237 919 281 778 275
word 936 236 990 239 988 269 929 265
word 129 292 245 292 243 327 126 333
word 361 297 485 297 485 334 358 333
word 597 301 723 302 723 339 597 337
word 1058 311 1214 315 1216 357 1056 353
word 1288 323 1455 336 1453 378 1281 369
word 59 372 272 368 268 411 61 411
word 291 372 384 372 359 414 293 408
word 532 366 626 366 630 415 520 407
word 1033 372 1171 379 1171 420 1029 411
word 1327 389 1449 397 1448 431 1323 429
word 75 715 191 713 190 752 74 752
word 391 711 580 711 580 749 391 750
word 1232 729 1368 737 1366 775 1226 766
word 495 957 848 968 845 1000 490 998
