word 413 85 773 78 774 170 418 172
word 48 231 166 231 165 266 50 263
word 206 241 371 242 373 273 208 272
word 586 232 691 231 693 258 583 262
word 731 231 803 233 804 265 729 265
word 91 282 186 281 185 315 94 316
word 278 283 369 285 370 315 275 315
word 451 286 540 285 541 316 454 317
word 790 280 913 280 911 311 793 310
word 963 280 1093 278 1095 315 959 312
word 79 338 243 337 239 370 80 371
word 260 336 306 337 304 367 261 368
word 440 338 528 338 525 370 435 370
word 810 336 911 335 914 363 816 368
word 1041 337 1130 336 1133 368 1045 366
word 48 601 135 596 134 630 44 628
word 333 599 455 600 455 628 330 629
word 975 595 1085 595 1086 628 979 628
word 370 791 661 786 661 811 368 815
