word 901 391 1657 396 1655 614 911 599
word 132 740 375 743 370 804 119 804
word 542 735 896 740 896 807 539 804
word 1283 743 1519 748 1514 807 1278 809
word 1685 725 1788 727 1791 778 1693 781
word 226 848 426 845 429 917 237 914
word 598 848 832 845 842 917 588 917
word 980 850 1206 845 1206 919 988 922
word 1724 850 2003 848 2001 909 1726 919
word 2093 853 2378 853 2385 922 2093 919
word 278 940 611 943 614 1012 273 1007
word 649 948 770 950 762 1004 657 1002
word 1026 950 1229 948 1229 1012 1032 1014
word 1855 958 2073 958 2075 1017 1857 1014
word 2342 960 2516 960 2521 1017 2347 1019
word 275 1035 621 1037 621 1096 278 1094
word 662 1035 801 1035 791 1109 657 1096
word 1029 1043 1306 1035 1306 1102 1044 1099
word 1852 1040 2075 1043 2080 1096 1862 1104
word 2439 1045 2555 1048 2549 1086 2447 1102
word 152 1517 324 1512 321 1576 160 1586
word 808 1504 1119 1512 1129 1576 819 1573
word 2196 1519 2421 1525 2424 1581 2193 1578
