word 676 127 1039 130 1035 227 681 219
word 284 272 411 274 407 319 286 314
word 435 301 772 320 768 345 434 328
word 859 296 968 296 966 326 854 322
word 996 315 1126 320 1119 349 996 343
word 327 328 424 334 430 361 336 361
word 525 338 622 340 621 369 520 362
word 716 348 803 347 807 372 711 374
word 1075 352 1194 354 1195 385 1074 380
word 1249 352 1379 354 1382 391 1247 389
word 295 403 460 409 461 437 298 432
word 481 411 526 411 525 442 484 440
word 670 415 764 420 768 448 676 449
word 1076 431 1172 434 1172 468 1080 465
word 1312 438 1399 440 1400 477 1307 476
word 293 447 465 451 460 475 291 475
word 485 454 542 454 545 483 480 481
word 671 462 816 465 816 491 672 490
word 1074 476 1182 479 1182 506 1075 505
word 1346 488 1396 487 1400 514 1354 516
word 284 665 369 661 371 696 289 696
word 555 691 699 696 702 728 556 725
word 1236 711 1332 714 1335 742 1233 741
word 622 871 898 874 898 906 619 900
