word 794 104 1168 107 1169 208 802 204
word 415 267 538 264 538 299 418 299
word 550 273 877 276 877 306 552 301
word 983 274 1095 275 1095 300 987 302
word 1111 275 1198 273 1200 306 1113 301
word 454 319 565 319 565 351 468 354
word 648 325 748 323 749 357 651 356
word 837 325 935 324 936 355 839 356
word 1195 326 1326 330 1327 360 1201 361
word 1371 324 1501 327 1508 363 1377 363
word 415 377 582 380 586 412 413 408
word 605 380 642 380 646 410 604 406
word 793 383 869 380 871 410 793 411
word 1188 383 1307 382 1299 407 1189 413
word 1426 383 1512 386 1514 413 1427 414
word 418 656 507 656 510 683 423 688
word 680 656 794 657 796 686 677 688
word 1352 655 1450 656 1458 680 1358 685
word 758 858 1049 856 1042 881 763 885
