word 1487 169 2637 202 2650 506 1479 485
word 304 685 658 681 645 777 291 781
word 754 710 1312 727 1304 827 766 806
word 2050 702 2425 710 2425 806 2041 810
word 2537 714 2729 714 2741 810 2541 819
word 408 848 708 848 712 948 408 948
word 979 844 1362 860 1333 935 1025 948
word 1587 839 1941 860 1916 977 1595 956
word 2762 869 3162 873 3175 985 2766 977
word 3345 885 3820 894 3825 1010 3345 998
word 304 1014 829 1027 816 1135 279 1102
word 891 1019 1220 1031 1195 1139 900 1144
word 1495 1048 1970 1056 1970 1160 1483 1152
word 2804 1069 3158 1064 3162 1169 2783 1169
word 3620 1085 3937 1094 3941 1181 3616 1194
word 287 1144 816 1173 816 1248 275 1248
word 262 1281 816 1302 808 1385 254 1373
word 254 1419 800 1439 791 1535 225 1498
word 250 1552 775 1581 766 1677 233 1656
word 879 1173 1283 1185 1258 1256 887 1273
word 870 1310 1187 1310 1179 1398 870 1398
word 858 1439 1075 1439 1062 1527 820 1535
word 837 1569 1312 1581 1300 1689 816 1689
word 1483 1185 2016 1189 2012 1285 1475 1277
word 1479 1319 1866 1327 1862 1423 1458 1406
word 1462 1456 2037 1460 2037 1606 1441 1606
word 1473 1616 2000 1620 1986 1750 1466 1761
word 2802 1211 3136 1205 3139 1298 2802 1295
word 2814 1343 3148 1357 3143 1448 2820 1434
word 2820 1482 3136 1505 3141 1595 2807 1568
word 2802 1625 3145 1648 3134 1748 2809 1730
word 3632 1228 3927 1237 3934 1330 3639 1319
word 3600 1370 3936 1373 3945 1464 3595 1459
word 3639 1516 3950 1523 3966 1614 3643 1609
word 3659 1661 3943 1668 3952 1752 3661 1761
word 166 1889 448 1898 439 1995 143 1989
word 1068 1927 2009 1957 2002 2061 1073 2032
word 3382 1989 3800 2009 3793 2109 3400 2102
word 1230 2611 2191 2652 2184 2757 1218 2714
