word 475 187 805 180 814 270 484 277
word 139 343 250 342 248 367 139 368
word 284 351 443 351 440 380 283 380
word 640 335 749 332 748 362 638 368
word 780 336 845 340 845 367 788 368
word 184 390 275 390 269 420 184 417
word 345 388 446 392 441 416 341 416
word 515 385 603 385 600 413 514 417
word 835 383 970 378 969 408 840 411
word 1001 376 1141 375 1141 412 1006 410
word 161 443 313 443 318 475 164 476
word 326 442 428 441 428 473 328 475
word 496 442 608 438 606 476 499 475
word 859 440 955 436 960 468 860 470
word 1089 436 1169 435 1175 465 1080 466
word 145 681 234 682 234 711 146 715
word 401 690 541 685 544 720 403 722
word 1019 688 1114 687 1121 717 1019 717
word 446 860 708 855 706 882 449 887
