word 993 53 1830 48 1810 271 990 248
word 155 393 425 396 420 478 148 463
word 485 423 878 423 858 498 490 491
word 1390 416 1630 413 1633 493 1388 483
word 1695 421 1808 418 1810 476 1703 481
word 250 508 463 513 468 593 258 591
word 658 521 883 523 885 586 658 586
word 1065 523 1303 528 1298 601 1068 598
word 1855 528 2158 538 2155 613 1853 613
word 2243 543 2545 548 2543 623 2258 621
word 185 646 553 648 560 716 190 716
word 190 748 555 748 553 811 193 816
word 193 841 553 841 555 903 195 906
word 188 933 555 938 555 1003 183 996
word 178 1028 550 1033 553 1098 190 1098
word 605 651 818 656 820 723 593 723
word 598 751 758 748 738 808 605 806
word 600 843 880 841 873 903 600 901
word 600 928 818 936 810 993 600 996
word 593 1033 850 1026 855 1103 598 1098
word 1005 663 1258 651 1268 713 1010 721
word 1005 746 1393 746 1395 836 995 853
word 1018 857 1358 848 1360 938 1008 943
word 1015 950 1327 943 1327 1000 1017 992
word 1015 1020 1352 1022 1363 1088 1003 1092
word 1892 663 2105 660 2108 733 1893 720
word 1887 753 2100 752 2102 812 1885 815
word 1885 842 2103 847 2108 907 1882 907
word 1892 942 2102 942 2103 1010 1890 1005
word 1877 1042 2102 1043 2108 1098 1875 1100
word 2407 667 2595 667 2598 728 2405 727
word 2383 760 2610 762 2613 813 2385 822
word 2412 855 2600 860 2598 920 2420 915
word 2422 942 2582 945 2588 1005 2427 1012
word 2432 1040 2578 1037 2583 1102 2418 1098
word 163 1245 353 1250 357 1315 165 1310
word 785 1258 1385 1270 1382 1343 773 1330
word 2240 1263 2490 1265 2492 1332 2240 1327
word 890 1683 1493 1697 1495 1748 892 1745
