word 1351 632 2027 620 2032 778 1359 780
word 612 888 837 890 846 954 593 956
word 861 912 1173 920 1171 973 861 971
word 1698 902 1895 898 1910 956 1700 959
word 1924 905 2041 898 2049 963 1929 959
word 698 988 883 990 873 1049 698 1054
word 1056 983 1249 990 1241 1066 1037 1054
word 1415 988 1600 985 1598 1046 1417 1054
word 2144 988 2359 983 2368 1049 2088 1044
word 2461 978 2724 980 2734 1046 2463 1051
word 568 1105 915 1102 895 1159 573 1163
word 563 1188 895 1188 883 1244 554 1244
word 941 1099 1056 1099 1061 1158 932 1163
word 927 1190 1076 1183 1037 1241 917 1237
word 1305 1117 1556 1115 1551 1146 1302 1163
word 1298 1180 1502 1178 1502 1234 1298 1241
word 2085 1093 2295 1090 2288 1156 2093 1166
word 2093 1185 2300 1178 2300 1244 2090 1234
word 2595 1098 2761 1098 2761 1159 2602 1156
word 2571 1176 2778 1185 2790 1244 2563 1244
word 549 1624 722 1624 712 1693 539 1702
word 1051 1627 1488 1632 1480 1715 1051 1705
word 2463 1622 2710 1624 2715 1702 2454 1700
word 1215 2051 1829 2054 1824 2127 1212 2120
