word 511 355 877 350 876 455 517 455
word 136 523 258 521 256 549 138 554
word 277 533 457 531 456 563 282 565
word 694 520 812 519 812 556 701 556
word 833 525 918 524 915 563 842 560
word 181 575 281 574 269 615 188 606
word 358 574 476 575 471 610 367 604
word 554 579 654 574 651 607 545 610
word 913 575 1050 573 1049 605 919 607
word 1098 575 1239 570 1240 606 1106 610
word 150 635 314 637 317 677 154 674
word 332 637 375 635 373 671 333 669
word 519 635 595 636 600 669 519 671
word 923 635 1029 635 1030 662 925 668
word 1154 639 1254 639 1255 671 1164 673
word 146 908 229 908 231 935 144 936
word 412 913 561 917 561 948 414 946
word 1085 906 1199 907 1199 944 1082 943
word 475 1102 757 1104 752 1132 480 1133
