word 441 79 811 70 813 180 439 184
word 64 263 183 258 184 289 66 297
word 204 269 380 269 378 302 206 303
word 626 247 744 248 743 279 633 285
word 766 250 833 245 833 280 763 280
word 108 310 209 315 208 347 110 344
word 299 310 405 313 401 342 295 343
word 485 309 585 308 585 342 486 343
word 849 298 974 297 973 329 849 334
word 1031 298 1165 292 1169 329 1033 329
word 76 377 250 377 244 405 78 408
word 264 374 311 373 311 403 259 400
word 449 367 529 367 528 404 453 403
word 848 362 960 360 960 392 846 390
word 1078 354 1184 348 1186 387 1088 390
word 59 648 154 644 149 680 54 680
word 340 649 495 644 499 673 346 682
word 1029 629 1143 622 1149 653 1023 670
word 406 847 703 845 704 875 404 890
