word 466 89 811 80 808 182 470 177
word 126 227 241 229 241 259 130 260
word 249 247 543 249 541 278 248 273
word 629 237 740 237 740 263 635 264
word 749 244 855 239 860 268 751 265
word 169 285 265 285 260 309 169 308
word 331 285 416 282 426 305 335 308
word 508 285 590 282 590 308 510 314
word 830 279 953 283 953 312 825 318
word 1001 283 1125 280 1130 315 1008 317
word 126 334 280 334 275 368 126 373
word 294 334 329 333 329 370 291 368
word 459 339 531 337 534 368 456 373
word 825 339 920 333 920 370 825 372
word 1045 335 1129 339 1135 372 1040 373
word 124 572 200 573 203 607 123 607
word 349 590 490 587 490 622 354 624
word 981 594 1080 592 1086 627 983 627
word 420 763 696 768 691 799 409 798
