word 458 87 826 102 816 192 451 184
word 59 247 190 244 186 275 55 277
word 229 262 408 267 403 293 228 290
word 633 257 750 259 749 289 633 288
word 790 262 861 267 856 295 786 293
word 109 298 215 299 211 332 101 337
word 299 300 401 305 403 339 293 332
word 494 304 585 305 586 340 494 339
word 849 309 978 309 976 347 849 344
word 1029 307 1151 307 1160 348 1031 345
word 75 352 259 362 261 397 74 393
word 284 364 336 362 335 395 280 397
word 471 362 556 365 560 408 466 405
word 874 372 973 370 973 412 874 409
word 1109 369 1194 369 1198 407 1108 409
word 50 638 145 637 141 673 45 672
word 353 637 449 642 445 679 350 677
word 1036 638 1156 642 1149 679 1045 678
word 406 839 689 839 694 875 403 877
