word 465 123 805 124 811 213 469 217
word 93 270 218 272 220 303 91 304
word 240 272 410 274 406 313 243 312
word 639 275 749 274 748 302 641 309
word 770 269 826 272 825 300 768 303
word 146 322 245 323 243 354 143 358
word 326 323 421 325 424 353 329 358
word 505 324 595 323 598 354 509 355
word 845 328 958 325 960 354 843 359
word 1008 318 1133 319 1131 355 1010 357
word 106 377 276 373 278 405 108 412
word 294 378 341 377 338 409 293 407
word 470 379 546 374 549 409 474 409
word 844 369 949 372 945 404 841 412
word 1060 373 1150 374 1151 403 1066 402
word 106 635 190 638 194 677 103 675
word 368 634 609 629 610 664 359 669
word 1003 625 1096 627 1104 652 1001 653
word 440 822 711 817 699 849 428 854
