word 3849 175 7119 95 7099 975 3899 1075
word 589 1605 1619 1585 1629 1915 599 1905
word 2099 1695 3599 1665 3599 2035 2089 2025
word 5449 1635 6479 1615 6499 1895 5439 1925
word 6999 1625 7569 1625 7559 1945 6979 1925
word 859 2065 1789 2035 1829 2395 959 2405
word 2619 2145 3459 2085 3459 2365 2649 2385
word 4269 2095 5079 2085 5059 2375 4199 2395
word 7379 2095 8439 2095 8439 2385 7389 2355
word 8929 2055 10099 2075 10099 2375 8959 2395
word 939 2625 2449 2645 2449 2905 959 2905
word 2579 2645 3049 2615 3029 2955 2549 2905
word 4189 2635 4899 2675 4939 2935 4219 2925
word 7659 2655 8619 2645 8639 2925 7699 2945
word 9699 2625 10569 2595 10569 2925 9749 2935
word 619 5015 1349 4985 1389 5315 549 5295
word 3299 5045 4599 5065 4599 5405 3289 5375
word 9049 5055 10079 5015 10059 5345 9079 5385
word 3549 6735 5989 6745 5979 7115 3519 7025
