word 418 117 753 112 754 200 415 200
word 96 255 206 259 206 292 98 290
word 233 263 385 267 378 290 230 290
word 589 258 691 254 689 295 586 288
word 716 255 783 259 774 290 715 288
word 144 304 234 304 229 339 139 335
word 291 305 403 307 399 338 294 334
word 458 304 566 305 555 338 459 334
word 780 304 895 303 893 333 779 334
word 940 304 1061 300 1061 337 938 335
word 115 353 261 354 259 382 118 378
word 118 389 263 393 260 420 115 418
word 276 354 340 357 335 384 274 380
word 274 394 326 393 325 425 274 418
word 438 354 561 355 559 378 438 387
word 435 394 520 392 520 420 436 420
word 788 357 884 360 883 390 789 386
word 791 398 880 400 878 424 791 422
word 1029 354 1090 360 1088 385 1025 387
word 1000 394 1088 394 1086 424 989 427
word 108 592 191 590 189 619 109 619
word 343 589 508 590 509 619 344 619
word 929 590 1030 590 1031 629 925 624
word 399 760 643 763 643 790 396 784
