word 651 76 1040 72 1048 177 675 179
word 287 244 411 241 408 280 289 282
word 458 251 633 251 633 290 451 287
word 856 241 965 244 969 280 861 282
word 1003 246 1078 244 1078 279 1003 280
word 331 297 436 297 436 332 331 337
word 525 302 619 302 619 330 525 332
word 709 299 808 297 806 337 717 335
word 1073 297 1208 299 1203 335 1069 337
word 1251 302 1392 296 1392 335 1254 335
word 319 360 484 360 489 393 317 393
word 511 362 558 362 558 401 506 393
word 697 362 779 362 779 401 697 397
word 1092 352 1212 360 1208 407 1103 397
word 1334 362 1429 357 1429 397 1334 396
word 294 630 387 630 384 677 294 677
word 590 635 673 637 676 680 590 676
word 1267 627 1372 629 1376 663 1265 668
word 633 832 915 830 920 863 636 862
