word 658 94 1019 96 1017 197 648 193
word 270 247 392 251 392 283 267 283
word 409 258 740 260 742 302 406 293
word 829 265 950 262 951 294 828 299
word 962 263 1059 266 1059 299 967 296
word 312 304 422 304 406 343 315 338
word 497 305 603 310 601 346 497 337
word 684 310 789 318 790 347 684 341
word 1054 318 1186 322 1183 351 1040 354
word 1226 319 1362 321 1364 358 1226 362
word 273 358 437 362 437 399 265 399
word 262 412 447 412 440 447 258 441
word 456 365 531 365 528 402 456 396
word 458 413 501 413 498 443 451 441
word 645 369 790 372 787 405 642 402
word 642 415 737 418 734 443 637 443
word 1044 380 1173 376 1167 412 1047 412
word 1048 422 1147 424 1153 452 1048 454
word 1303 382 1378 383 1376 416 1311 413
word 1284 426 1372 429 1372 460 1281 458
word 273 629 354 632 351 674 267 669
word 523 644 658 651 653 688 526 685
word 1208 651 1314 654 1317 691 1208 688
word 595 846 890 846 889 885 601 877
