word 987 63 1840 111 1815 327 981 286
word 143 406 412 424 410 493 125 478
word 469 429 848 452 848 519 463 501
word 1381 457 1638 468 1630 534 1374 519
word 1689 465 1838 480 1835 542 1692 534
word 256 511 461 527 448 611 248 586
word 656 542 874 557 869 624 645 609
word 1056 555 1292 565 1276 637 1058 619
word 1851 588 2143 598 2138 655 1851 655
word 2245 601 2530 604 2533 691 2243 675
word 171 652 522 660 522 745 166 724
word 579 668 689 668 689 755 571 734
word 984 688 1187 698 1174 770 974 755
word 1848 724 2097 727 2081 814 1822 775
word 2369 737 2581 750 2579 837 2353 824
word 145 1260 335 1268 330 1339 135 1327
word 735 1278 989 1304 969 1373 704 1350
word 2192 1332 2453 1347 2438 1429 2189 1406
word 861 1719 1489 1742 1479 1776 848 1776
