word 491 92 851 104 850 212 478 190
word 79 239 209 245 205 278 75 275
word 235 254 418 260 415 295 241 289
word 669 267 778 268 781 303 664 299
word 806 260 876 264 874 293 805 292
word 123 294 251 302 241 339 121 329
word 325 302 429 308 426 340 323 337
word 520 312 628 317 624 348 519 344
word 875 322 1016 328 1016 355 876 357
word 1064 327 1198 334 1198 369 1059 365
word 99 360 278 364 273 402 91 397
word 298 362 349 370 345 398 284 400
word 491 367 575 370 569 407 489 402
word 885 378 1011 379 1006 409 876 404
word 1119 380 1228 380 1226 412 1118 414
word 89 633 183 633 180 668 86 672
word 373 645 499 645 498 678 371 679
word 1049 648 1151 652 1155 677 1054 677
word 434 834 700 842 708 873 424 870
