word 929 171 1616 184 1621 366 942 368
word 214 476 460 486 457 548 214 543
word 537 502 847 504 847 566 521 560
word 1273 491 1483 484 1485 535 1275 545
word 1552 489 1667 481 1673 540 1549 550
word 311 584 498 576 498 643 316 650
word 660 586 873 591 867 648 657 643
word 1016 578 1221 578 1216 640 1006 645
word 1675 573 1903 563 1903 622 1662 625
word 2006 548 2273 537 2273 609 2011 617
word 255 689 583 689 588 753 247 748
word 624 691 714 686 719 750 632 755
word 970 691 1152 691 1157 758 973 753
word 1701 673 1888 671 1903 748 1708 748
word 2142 660 2347 650 2347 725 2155 732
word 224 1207 408 1199 403 1266 229 1273
word 770 1202 1265 1181 1257 1258 775 1268
word 2024 1160 2275 1158 2260 1243 2039 1237
word 885 1566 1429 1540 1421 1596 885 1625
