word 1982 87 3682 118 3603 571 1967 545
word 324 787 867 797 856 934 319 923
word 1030 866 1767 887 1756 1002 998 987
word 2782 839 3303 881 3288 1008 2798 1018
word 3467 876 3724 860 3735 1045 3451 1029
word 503 1029 951 1045 945 1197 519 1176
word 1367 1045 1782 1050 1756 1223 1303 1192
word 2161 1076 2624 1092 2593 1276 2145 1213
word 3714 1108 4303 1150 4277 1292 3714 1266
word 4519 1134 5088 1145 5082 1339 4482 1308
word 430 1297 1130 1313 1130 1497 398 1471
word 1230 1329 1577 1334 1551 1508 1240 1455
word 2061 1345 2593 1360 2588 1550 2024 1513
word 3782 1371 4272 1397 4261 1581 3772 1523
word 4903 1413 5261 1429 5256 1571 4914 1571
word 319 2466 682 2487 682 2681 309 2639
word 1572 2545 2077 2576 2051 2723 1540 2702
word 4414 2592 4893 2639 4872 2776 4451 2739
word 1761 3397 3019 3429 3014 3520 1719 3520
