word 973 302 1562 286 1583 443 988 458
word 329 548 534 545 534 602 314 604
word 583 548 873 558 865 607 578 612
word 1285 540 1475 540 1475 589 1280 594
word 1508 540 1626 535 1626 581 1514 589
word 406 619 575 632 567 694 388 684
word 711 625 883 625 885 684 716 686
word 1047 619 1208 617 1203 673 1042 678
word 1647 604 1860 599 1867 660 1644 666
word 1960 596 2185 584 2196 648 1952 663
word 332 707 611 714 614 763 311 763
word 306 776 611 778 606 835 283 825
word 652 717 739 714 739 760 662 768
word 642 778 785 778 778 843 647 840
word 980 702 1132 704 1124 758 975 758
word 978 776 1173 768 1175 830 962 832
word 1667 694 1847 686 1849 748 1667 755
word 1670 773 1885 766 1883 817 1675 825
word 2055 691 2237 671 2252 727 2073 732
word 2096 753 2262 743 2265 796 2108 807
word 242 1153 408 1150 393 1212 226 1219
word 749 1153 1119 1148 1106 1225 747 1230
word 2003 1125 2226 1122 2232 1186 2021 1191
word 862 1527 1416 1525 1416 1596 857 1596
