word 706 143 1061 158 1065 255 700 257
word 308 318 436 318 434 354 311 349
word 458 338 631 338 628 366 453 369
word 883 321 1000 316 1001 347 887 355
word 1019 332 1079 327 1083 366 1015 365
word 365 362 444 366 467 401 358 402
word 545 371 670 376 661 405 537 401
word 740 379 853 377 848 412 731 410
word 1094 374 1234 374 1228 416 1103 408
word 1283 371 1403 372 1417 416 1278 412
word 319 437 483 441 483 480 314 472
word 317 490 486 490 483 524 317 521
word 519 433 578 437 575 476 503 472
word 511 488 558 487 559 524 506 518
word 703 437 836 443 836 482 695 480
word 695 487 787 488 786 522 692 519
word 1090 435 1208 438 1208 480 1090 477
word 1092 488 1201 488 1203 522 1089 519
word 1356 444 1434 443 1434 472 1354 477
word 1329 490 1426 485 1431 521 1329 530
word 317 702 404 701 404 743 317 740
word 579 713 776 718 778 763 581 757
word 1259 713 1381 715 1379 757 1258 755
word 642 907 937 901 945 938 644 941
