word 970 46 1813 41 1798 271 963 261
word 135 404 415 409 408 476 125 469
word 465 446 843 454 828 521 463 519
word 1370 411 1623 419 1625 496 1368 486
word 1685 444 1810 449 1813 524 1678 514
word 248 534 440 531 448 596 250 589
word 663 539 875 536 870 599 648 594
word 1065 526 1265 531 1265 611 1065 601
word 1840 544 2130 536 2125 609 1850 611
word 2243 536 2558 544 2543 621 2240 624
word 185 681 548 686 540 749 158 746
word 578 686 683 686 680 754 563 746
word 178 786 535 786 530 861 175 844
word 568 779 750 781 745 841 575 839
word 985 681 1168 691 1165 761 983 751
word 990 776 1285 774 1273 851 988 851
word 1843 684 2083 694 2080 761 1850 761
word 1850 789 2090 796 2090 869 1843 866
word 2353 704 2568 704 2570 769 2345 779
word 2400 806 2575 809 2570 879 2405 869
word 163 1246 340 1256 348 1329 158 1326
word 748 1294 1150 1304 1130 1391 738 1364
word 2185 1286 2433 1296 2425 1391 2193 1371
word 878 1696 1485 1691 1476 1776 880 1776
