word 950 418 1670 414 1662 596 954 600
word 188 756 410 754 410 806 188 804
word 534 754 846 754 848 794 536 792
word 1320 762 1534 762 1532 812 1314 810
word 1662 748 1774 746 1774 796 1662 788
word 286 866 454 864 454 918 284 916
word 658 862 830 864 830 912 660 916
word 1030 862 1200 862 1202 910 1030 920
word 1770 874 2012 866 2014 922 1764 918
word 2160 872 2432 870 2428 922 2154 920
word 270 954 588 962 586 996 270 992
word 646 958 814 962 812 1006 638 1004
word 1016 962 1224 966 1224 1014 1010 1008
word 1832 974 2030 978 2024 1024 1830 1020
word 2330 988 2520 992 2522 1032 2332 1030
word 194 1526 358 1528 354 1576 188 1574
word 782 1518 1338 1526 1336 1582 782 1572
word 2180 1552 2400 1556 2398 1602 2178 1600
