word 1006 22 1772 36 1774 243 990 238
word 145 400 397 402 397 456 145 459
word 495 393 836 395 834 441 495 438
word 1395 404 1613 404 1613 450 1395 452
word 1713 386 1806 388 1811 436 1713 438
word 259 520 440 513 438 579 259 579
word 665 522 854 516 854 575 661 577
word 1068 525 1265 520 1268 572 1072 575
word 1868 520 2109 527 2109 584 1865 579
word 2263 538 2518 543 2518 593 2261 591
word 188 616 536 618 536 668 188 668
word 593 620 690 620 688 677 586 670
word 1015 616 1174 616 1177 675 1011 672
word 1893 641 2097 647 2097 688 1893 691
word 2415 650 2588 663 2586 709 2408 709
word 161 1243 334 1245 336 1309 161 1313
word 761 1236 1077 1234 1074 1288 763 1295
word 2231 1252 2440 1252 2445 1311 2224 1309
