word 3978 234 7023 289 7005 1098 3978 1053
word 596 1625 1596 1634 1578 1853 569 1862
word 1669 1616 2341 1616 2341 1862 1641 1844
word 5505 1725 6414 1734 6414 1953 5514 1944
word 6541 1661 6850 1652 6859 1897 6532 1888
word 1041 2116 1741 2116 1732 2344 1032 2362
word 2641 2153 3387 2153 3387 2362 2641 2371
word 4250 2180 4996 2180 4996 2398 4232 2371
word 7405 2253 8369 2234 8396 2434 7405 2444
word 8987 2244 10059 2280 10050 2444 8969 2453
word 578 2434 1896 2444 1896 2653 569 2625
word 2205 2425 2532 2434 2532 2653 2205 2644
word 3823 2434 4478 2425 4469 2680 3841 2671
word 7096 2462 7723 2480 7732 2634 7078 2653
word 9641 2480 10269 2489 10269 2680 9650 2671
word 605 5053 1305 5053 1314 5280 596 5271
word 2223 4989 3850 4998 3850 5225 2214 5234
word 9450 4998 10214 4998 10241 5225 9450 5225
word 3532 6844 5841 6853 5850 7053 3523 7044
