word 469 38 741 36 744 94 461 98
word 123 151 223 148 218 169 117 170
word 257 155 397 152 394 170 254 170
word 613 144 701 143 702 160 610 163
word 733 143 781 141 784 158 734 160
word 160 190 236 188 230 208 154 208
word 322 186 403 185 399 206 317 204
word 489 184 569 183 568 203 489 205
word 798 176 898 173 899 195 796 200
word 954 171 1060 165 1065 187 958 194
word 125 232 270 227 267 250 119 255
word 293 229 328 229 327 248 288 249
word 462 222 531 223 528 246 460 246
word 816 219 898 216 898 233 817 240
word 1026 213 1093 208 1101 227 1026 231
word 69 466 151 465 146 491 65 491
word 344 459 458 453 456 479 342 485
word 1008 433 1108 426 1108 446 1012 455
word 398 655 682 639 681 665 397 679
