word 484 144 822 143 787 236 477 239
word 160 280 269 282 260 320 158 313
word 287 287 423 282 423 315 281 319
word 648 281 729 282 730 310 642 308
word 753 280 810 282 803 315 745 309
word 195 333 294 331 290 360 198 362
word 360 329 455 327 449 360 351 358
word 520 329 600 326 600 354 514 359
word 822 324 924 324 924 352 815 351
word 967 320 1080 318 1076 352 960 345
word 171 374 308 375 308 406 159 403
word 331 374 372 377 370 410 331 411
word 486 374 603 375 592 405 484 401
word 826 366 910 368 910 395 809 397
word 1008 367 1090 363 1078 404 999 409
word 172 611 246 611 246 641 172 643
word 395 606 538 601 530 630 393 641
word 958 593 1070 589 1067 617 960 616
word 455 770 717 765 712 783 453 799
