word 989 290 1691 314 1677 543 946 514
word 230 593 456 602 444 674 208 662
word 520 602 841 619 839 695 503 678
word 1351 633 1558 645 1549 709 1334 707
word 1601 631 1763 638 1727 709 1596 702
word 289 707 510 709 499 786 299 786
word 670 714 880 731 877 797 658 795
word 1037 731 1239 738 1234 797 1032 797
word 1734 747 2027 752 2013 833 1730 816
word 2101 755 2387 769 2365 843 2094 824
word 244 809 572 814 568 881 244 876
word 632 814 830 821 818 888 615 876
word 991 838 1230 840 1196 928 977 909
word 1775 850 1977 855 1968 936 1784 931
word 2222 869 2406 866 2401 950 2182 940
word 232 1355 394 1357 382 1431 213 1419
word 756 1366 984 1364 980 1426 753 1428
word 2072 1393 2287 1395 2282 1462 2063 1447
word 875 1750 1420 1764 1410 1831 858 1816
