word 3954 43 7074 73 7104 1123 3734 1143
word 584 1623 1654 1623 1574 1963 464 1953
word 2144 1683 3704 1683 3684 1963 2074 1943
word 5544 1643 6454 1683 6444 2013 5384 1923
word 6944 1643 7754 1643 7714 1943 6944 1943
word 894 2043 1844 2063 1824 2343 834 2363
word 2574 2153 3474 2113 3444 2423 2464 2423
word 4144 2123 5164 2123 5124 2393 4094 2413
word 7344 2103 8464 2123 8444 2453 7264 2413
word 8914 2123 10144 2183 10094 2483 8874 2413
word 954 2603 2404 2623 2464 2973 924 2953
word 2604 2633 3154 2633 3134 2873 2574 2873
word 4274 2623 5294 2573 5204 2943 4204 2933
word 7644 2573 8634 2573 8614 2853 7654 2873
word 9874 2603 10374 2623 10364 2853 9814 2833
word 634 4993 1384 4993 1344 5343 634 5343
word 3304 5013 5334 5053 5264 5383 3154 5313
word 9124 5033 10184 5043 10104 5343 9084 5353
word 3534 6763 6014 6773 5979 7104 3444 7104
