word 3964 245 7274 285 7184 1185 3944 1185
word 594 1685 1614 1675 1584 1985 534 1955
word 2084 1745 3584 1745 3554 2015 2024 2035
word 5524 1725 6414 1715 6404 2005 5414 2015
word 6894 1725 7674 1715 7664 2005 6804 1985
word 1004 2115 1874 2125 1834 2485 1034 2425
word 2604 2145 3534 2135 3534 2425 2544 2445
word 4204 2145 5204 2155 5164 2505 4124 2445
word 7374 2175 8424 2145 8424 2515 7274 2475
word 8924 2215 10064 2185 10094 2495 8884 2455
word 864 2675 2374 2675 2354 2995 744 2985
word 2454 2675 3084 2685 3074 3085 2414 3025
word 4144 2705 4894 2695 4844 3115 4014 3095
word 7594 2665 8574 2725 8574 3065 7394 3065
word 9694 2715 10434 2765 10384 3025 9634 2965
word 634 5075 1374 5055 1354 5365 514 5355
word 3254 5125 5134 5135 5134 5375 3124 5385
word 9024 5105 10004 5125 9984 5375 8994 5375
word 3534 6805 5994 6805 5994 7145 3454 7135
