word 1587 527 2750 612 2687 931 1521 849
word 435 949 806 972 798 1061 432 1042
word 898 987 1424 1020 1417 1109 880 1090
word 2150 1057 2443 1064 2435 1161 2128 1142
word 2532 1079 2713 1094 2698 1175 2491 1149
word 561 1109 876 1135 861 1231 554 1227
word 1135 1146 1510 1172 1461 1257 1110 1257
word 1691 1183 2043 1198 2028 1275 1691 1272
word 2691 1248 2691 1241 3032 1237 3032 1326
word 3187 1256 3532 1263 3528 1359 3180 1341
word 465 1289 995 1315 980 1418 450 1396
word 1054 1311 1217 1322 1202 1418 1039 1407
word 1632 1344 1958 1348 1947 1463 1595 1430
word 2728 1393 3017 1400 3002 1500 2706 1481
word 3335 1407 3554 1415 3554 1511 3321 1496
word 417 2133 680 2137 673 2244 395 2237
word 1235 2156 1735 2163 1724 2256 1224 2244
word 3132 2141 3424 2137 3410 2237 3124 2237
word 1450 2741 2287 2700 2276 2781 1443 2818
