word 1315 226 2156 267 2141 535 1265 494
word 400 561 682 570 670 667 382 641
word 703 603 1126 617 1118 709 694 694
word 1706 638 1970 650 1962 714 1703 700
word 2012 656 2200 661 2197 729 1997 720
word 488 697 732 706 691 794 468 782
word 923 720 1197 723 1156 811 897 791
word 1368 738 1623 753 1591 835 1335 811
word 2206 788 2520 794 2488 882 2150 861
word 2632 794 2956 803 2941 897 2618 870
word 397 826 785 847 759 938 359 917
word 832 856 994 856 929 964 809 947
word 1262 879 1523 900 1503 973 1215 976
word 2197 920 2470 938 2444 1011 2188 1006
word 2770 947 2991 956 2976 1029 2759 1026
word 365 1453 556 1459 553 1541 350 1535
word 968 1503 1185 1514 1168 1588 941 1570
word 2553 1567 2812 1579 2788 1650 2553 1644
word 1123 1959 1797 1997 1785 2061 1109 2038
