word 339 109 543 110 534 168 332 162
word 133 187 199 188 195 207 126 204
word 209 192 312 196 307 211 208 206
word 440 196 496 196 494 217 437 213
word 507 196 549 196 543 217 507 214
word 149 215 220 217 212 237 142 233
word 258 219 322 219 314 243 255 237
word 360 221 417 222 414 239 358 238
word 553 224 619 224 618 242 550 242
word 648 224 723 226 722 243 646 241
word 135 247 231 248 227 265 134 263
word 240 248 265 250 265 271 238 265
word 341 250 399 253 396 273 340 268
word 553 254 609 255 608 275 550 277
word 676 255 732 256 728 271 666 273
word 131 398 181 399 175 417 132 414
word 277 398 364 399 361 418 276 417
word 643 400 704 399 704 421 640 419
word 313 504 473 508 469 523 312 522
