word 621 134 959 141 956 232 615 228
word 221 290 333 290 335 316 219 314
word 365 293 528 300 526 321 362 316
word 791 303 895 307 895 331 788 328
word 928 303 969 303 963 331 928 331
word 267 341 355 343 354 370 264 368
word 455 350 546 352 545 377 456 375
word 645 354 733 354 731 384 644 381
word 1006 361 1123 363 1123 393 1004 390
word 1188 366 1312 368 1310 394 1188 396
word 226 393 390 396 386 417 227 413
word 417 394 476 396 473 422 414 421
word 606 404 729 407 727 437 605 431
word 1010 420 1101 422 1101 446 1006 444
word 1286 426 1324 426 1323 452 1286 450
word 226 434 388 441 387 459 224 458
word 415 440 450 441 453 464 413 466
word 606 448 674 450 671 476 604 472
word 1009 461 1096 463 1096 482 1008 484
word 1245 470 1326 472 1327 494 1241 495
word 219 676 299 680 296 704 218 702
word 483 677 626 678 624 708 483 704
word 1165 696 1259 698 1263 721 1164 723
word 555 884 826 889 822 908 553 907
