word 957 22 1820 40 1804 243 930 232
word 159 398 425 406 409 464 146 459
word 483 438 862 445 820 511 467 493
word 1380 417 1628 417 1620 493 1391 482
word 1686 448 1812 451 1796 524 1675 511
word 259 517 478 522 467 585 265 585
word 654 530 912 527 886 582 633 588
word 1067 527 1283 527 1280 595 1054 590
word 1833 535 2128 527 2125 611 1820 606
word 2236 532 2533 522 2544 606 2220 601
word 183 659 525 661 523 735 180 732
word 573 667 744 664 728 777 544 743
word 988 682 1273 680 1262 764 973 764
word 1862 693 2104 706 2099 790 1820 785
word 2346 717 2596 727 2570 795 2352 782
word 186 756 536 767 530 827 159 822
word 586 767 767 782 733 845 583 830
word 986 782 1302 782 1280 861 978 848
word 1854 806 2094 806 2080 893 1846 885
word 2441 817 2583 822 2570 888 2428 890
word 162 1248 349 1251 338 1317 167 1314
word 736 1293 1328 1303 1309 1377 738 1356
word 2209 1309 2473 1330 2462 1385 2183 1382
word 896 1688 1486 1693 1483 1759 888 1753
