word 1008 44 1750 44 1748 249 1005 251
word 160 409 400 406 400 464 158 466
word 478 421 825 426 823 466 478 469
word 1390 406 1605 406 1608 469 1385 469
word 1688 399 1780 399 1783 454 1690 456
word 260 524 455 519 450 584 253 586
word 665 524 855 526 855 589 655 586
word 1070 524 1255 519 1258 584 1068 586
word 1855 521 2100 514 2105 589 1853 586
word 2245 529 2515 524 2515 589 2250 594
word 193 646 525 651 523 701 185 699
word 580 649 685 651 680 701 578 704
word 993 644 1153 641 1153 701 988 706
word 1875 649 2078 646 2078 704 1875 711
word 2393 654 2573 656 2573 704 2390 704
word 170 1251 340 1249 343 1319 165 1314
word 753 1256 1073 1251 1073 1316 755 1324
word 2240 1254 2443 1251 2443 1306 2238 1309
word 888 1701 1495 1694 1490 1749 893 1751
