word 851 76 1482 72 1480 230 846 228
word 140 362 346 362 344 407 140 407
word 426 397 723 397 721 430 417 430
word 1169 374 1359 374 1359 414 1173 414
word 1442 378 1544 378 1544 426 1440 426
word 232 462 392 457 388 507 219 509
word 573 466 728 464 728 512 555 509
word 917 466 1067 464 1065 507 915 503
word 1567 466 1773 462 1773 505 1557 507
word 1892 459 2111 462 2111 505 1890 505
word 178 577 471 575 471 619 176 619
word 523 582 592 580 592 620 519 620
word 865 584 942 584 936 630 853 624
word 1586 580 1753 582 1755 616 1576 620
word 2026 578 2169 576 2171 614 2019 618
word 176 655 473 662 473 699 176 701
word 519 655 615 655 619 695 519 697
word 863 653 1053 655 1053 697 867 693
word 1590 653 1753 653 1753 691 1586 697
word 2057 653 2161 653 2161 684 2063 693
word 151 1051 298 1049 298 1099 142 1097
word 663 1066 1013 1066 1013 1099 657 1107
word 1876 1057 2055 1059 2055 1091 1880 1099
word 763 1391 1244 1387 1244 1424 761 1439
