word 418 25 718 18 718 86 416 99
word 98 165 196 165 196 188 99 188
word 228 175 360 171 360 191 229 196
word 572 161 659 160 659 185 569 186
word 693 159 732 158 732 181 689 184
word 142 208 212 207 212 232 142 233
word 296 209 368 207 369 231 297 230
word 452 207 524 207 524 226 453 229
word 758 202 859 201 859 221 757 226
word 914 200 1023 196 1022 224 911 225
word 118 260 249 260 249 282 114 282
word 265 256 303 256 303 285 266 282
word 427 256 518 254 518 279 426 280
word 772 255 851 254 851 276 767 277
word 966 253 1047 252 1047 271 966 275
word 111 487 176 488 176 510 107 513
word 334 485 545 488 545 510 337 513
word 911 485 1008 484 1008 502 911 507
word 392 651 622 651 620 676 388 676
