word 491 96 821 87 818 182 488 184
word 103 247 218 249 218 275 102 273
word 259 268 420 272 419 292 257 289
word 660 262 750 262 750 284 655 291
word 789 265 845 264 846 291 784 289
word 154 302 241 302 241 326 160 326
word 343 309 438 309 435 330 341 329
word 527 313 610 313 610 337 520 336
word 863 319 981 318 981 343 859 346
word 1034 314 1145 319 1145 342 1030 343
word 121 359 280 365 281 393 124 391
word 306 366 349 369 349 401 306 396
word 495 373 597 375 597 397 493 396
word 871 380 964 379 964 404 866 401
word 1090 375 1163 375 1163 398 1090 404
word 120 622 196 623 196 647 121 644
word 389 634 525 635 531 657 382 658
word 1016 640 1105 635 1106 663 1012 662
word 443 811 685 807 685 835 443 835
