word 499 102 841 96 841 179 503 191
word 131 263 244 263 243 291 131 291
word 288 276 440 274 440 293 284 298
word 677 258 784 255 781 283 674 285
word 824 260 879 258 881 285 818 285
word 179 318 263 311 263 343 177 342
word 354 313 443 311 443 336 356 338
word 535 307 624 307 625 336 534 336
word 887 310 997 310 997 341 879 338
word 1060 304 1182 304 1187 341 1065 336
word 157 373 309 373 309 395 159 402
word 337 373 374 368 374 399 334 401
word 513 373 632 371 632 395 516 395
word 906 367 1006 368 1002 399 907 395
word 1141 364 1216 363 1216 383 1141 389
word 143 633 225 633 225 663 140 663
word 418 639 554 638 554 667 415 668
word 1071 629 1169 630 1169 657 1072 657
word 468 823 728 820 728 845 466 851
