word 596 148 994 148 988 249 588 249
word 177 329 302 329 302 357 181 358
word 350 338 521 339 521 370 352 366
word 799 333 918 332 918 358 794 363
word 960 333 1038 330 1038 364 959 361
word 225 386 334 388 329 424 224 411
word 434 389 537 391 534 420 434 418
word 637 396 734 392 734 424 640 421
word 1035 392 1171 391 1168 417 1041 421
word 1241 395 1382 393 1387 427 1240 423
word 204 449 371 452 371 470 202 474
word 404 452 450 452 452 488 404 480
word 610 443 729 448 729 488 609 486
word 1054 460 1165 461 1165 485 1050 485
word 1318 463 1435 463 1432 489 1309 489
word 175 748 272 754 272 791 181 783
word 484 751 674 758 674 792 485 785
word 1247 764 1375 767 1375 788 1240 792
word 547 976 844 976 846 1014 549 1002
