word 1999 84 3475 72 3475 488 1991 484
word 310 795 802 792 802 895 314 899
word 987 822 1649 826 1649 915 979 919
word 2768 795 3195 799 3206 895 2764 899
word 3402 776 3625 772 3633 861 3414 872
word 537 1026 868 1019 875 1130 537 1130
word 1318 1034 1710 1042 1706 1130 1325 1126
word 2141 1034 2506 1030 2502 1130 2129 1126
word 3710 1026 4183 1015 4191 1126 3702 1126
word 4487 1026 5010 1022 5006 1126 4495 1142
word 399 1272 1072 1272 1072 1372 387 1369
word 1214 1272 1575 1276 1568 1380 1214 1384
word 2025 1265 2475 1272 2468 1384 2010 1376
word 3779 1280 4164 1280 4156 1372 3772 1372
word 4791 1280 5145 1272 5149 1361 4795 1380
word 318 2476 687 2480 683 2599 306 2611
word 1537 2488 2514 2488 2514 2611 1541 2622
word 4479 2476 4891 2476 4899 2576 4483 2580
word 1787 3357 2945 3361 2952 3465 1791 3476
