word 1157 398 1730 435 1715 607 1142 577
word 542 621 734 635 731 678 534 664
word 819 655 1074 675 1071 712 811 690
word 1434 687 1597 690 1594 732 1437 724
word 1691 701 1751 701 1748 735 1685 735
word 611 707 771 712 765 758 608 752
word 914 730 1071 738 1064 781 917 775
word 1215 747 1357 752 1354 801 1217 790
word 1771 781 1959 787 1959 827 1774 818
word 2062 792 2257 804 2262 841 2062 830
word 1022 1584 1477 1604 1474 1652 1025 1632
word 502 1224 657 1238 642 1287 499 1284
word 985 1267 1259 1281 1257 1321 985 1307
word 2045 1330 2228 1338 2228 1372 2048 1364
word 585 804 851 824 848 861 582 841
word 579 870 839 887 837 935 574 910
word 882 824 959 830 954 867 879 861
word 877 892 971 901 968 932 871 924
word 1182 844 1348 852 1345 887 1182 881
word 1179 912 1371 921 1371 961 1177 947
word 1814 881 1959 884 1957 930 1814 921
word 1805 950 1957 955 1954 995 1805 990
word 2188 907 2322 910 2319 941 2191 941
word 2230 978 2325 978 2319 1012 2230 1010
