word 1107 2043 1989 2019 2001 2231 1107 2255
word 154 2449 448 2437 448 2519 142 2531
word 554 2472 948 2455 960 2531 554 2543
word 1566 2431 1819 2425 1824 2484 1577 2496
word 1936 2425 2071 2419 2071 2484 1942 2490
word 277 2590 519 2590 519 2637 283 2649
word 736 2584 983 2572 983 2631 736 2643
word 1189 2566 1454 2560 1454 2625 1195 2643
word 2066 2549 2407 2537 2419 2608 2071 2619
word 2554 2549 2871 2537 2871 2602 2560 2613
word 995 3902 1730 3860 1736 3949 1007 3972
word 183 3408 401 3408 401 3478 177 3502
word 889 3425 1501 3396 1507 3466 895 3490
word 2583 3372 2819 3372 2830 3443 2589 3449
word 207 2731 630 2719 630 2796 213 2808
word 695 2731 919 2719 919 2796 701 2796
word 1160 2713 1430 2702 1439 2778 1166 2790
word 2148 2702 2377 2696 2377 2766 2148 2772
word 2724 2690 2948 2684 2942 2755 2730 2760
