word 400 66 769 60 766 171 393 169
word 12 236 125 238 126 264 14 266
word 155 239 320 239 320 264 155 262
word 587 243 696 240 697 266 590 267
word 732 235 793 232 793 255 732 256
word 56 293 148 293 145 315 57 315
word 243 294 335 295 334 319 243 317
word 432 295 531 295 529 324 434 324
word 812 298 946 297 946 324 814 322
word 1018 298 1159 297 1158 326 1020 325
word 353 842 638 849 636 881 352 870
word 20 631 96 636 96 656 17 656
word 289 633 435 636 435 664 289 660
word 997 659 1107 662 1107 684 996 679
word 24 345 180 345 180 369 25 369
word 25 388 184 390 184 415 22 412
word 208 350 248 349 245 369 208 369
word 208 395 267 394 262 414 207 414
word 398 349 559 349 559 394 400 395
word 403 402 529 398 529 421 404 421
word 825 357 928 357 928 380 825 380
word 824 402 929 404 928 428 824 426
word 1083 359 1181 360 1180 386 1080 381
word 1128 405 1183 407 1183 425 1128 424
