word 983 26 1753 26 1750 252 959 232
word 147 396 389 396 389 449 136 449
word 418 420 762 417 759 461 412 470
word 1374 399 1603 396 1603 455 1377 455
word 1627 399 1742 393 1739 443 1624 443
word 256 514 442 508 442 576 253 573
word 656 514 850 505 839 573 650 570
word 1065 514 1259 508 1265 579 1062 576
word 1847 511 2092 505 2092 564 1844 567
word 2227 505 2509 496 2506 570 2227 570
word 897 1679 1500 1676 1500 1735 892 1735
word 165 1252 333 1249 333 1302 162 1305
word 700 1267 844 1267 839 1317 700 1311
word 2177 1235 2297 1232 2297 1285 2177 1285
word 124 652 471 646 474 696 121 702
word 521 649 644 646 642 705 521 705
word 936 643 1203 643 1206 702 936 696
word 1812 640 2009 638 2012 685 1812 688
word 2406 626 2506 626 2503 682 2412 685
