word 989 46 1742 49 1739 249 983 249
word 144 408 397 408 394 461 136 455
word 480 432 836 426 830 482 477 476
word 1383 411 1594 414 1594 464 1380 464
word 1697 408 1818 405 1818 461 1703 458
word 250 529 444 523 444 570 247 576
word 662 520 850 520 850 588 659 585
word 1056 532 1256 529 1253 579 1059 585
word 1842 538 2103 529 2103 588 1847 593
word 2236 535 2521 535 2516 595 2230 593
word 877 1688 1483 1682 1483 1749 877 1746
word 153 1255 333 1255 333 1308 156 1311
word 774 1273 1000 1273 1000 1308 774 1314
word 2239 1252 2403 1255 2400 1308 2242 1302
word 183 658 527 649 530 717 186 714
word 589 661 706 655 703 711 589 708
word 1000 655 1233 649 1236 714 1003 708
word 1886 658 2080 655 2080 705 1886 705
word 2450 664 2586 661 2586 711 2447 711
