word 574 31 1001 24 1003 128 570 133
word 81 239 230 236 230 270 81 273
word 286 260 484 255 486 282 281 290
word 796 234 926 228 925 258 796 262
word 992 231 1060 229 1060 260 991 258
word 145 307 253 306 255 341 147 341
word 381 302 496 300 496 331 379 336
word 620 300 726 297 728 334 621 334
word 1072 295 1216 289 1218 326 1070 331
word 1297 292 1455 295 1457 323 1299 321
word 528 978 870 972 870 1004 526 1011
word 91 736 197 731 197 765 91 765
word 464 743 770 734 770 763 465 770
word 1314 717 1438 714 1439 743 1315 746
word 111 395 316 389 314 419 109 423
word 352 390 469 384 469 414 352 419
word 591 382 721 380 721 407 589 407
word 1103 375 1214 372 1214 400 1101 402
word 1397 368 1504 367 1503 390 1397 394
