word 564 141 897 124 899 215 562 227
word 200 313 309 308 309 329 197 334
word 328 314 483 305 483 333 328 340
word 742 287 846 282 846 305 744 310
word 865 282 906 282 907 301 867 303
word 239 357 334 352 335 378 244 385
word 430 348 514 343 516 371 432 373
word 599 341 693 334 693 366 600 369
word 953 333 1067 327 1067 348 955 354
word 1126 324 1248 315 1251 343 1129 348
word 548 852 816 841 818 869 549 883
word 220 678 293 671 293 703 220 705
word 467 671 607 666 609 694 469 698
word 1126 640 1223 638 1223 664 1127 666
word 201 417 350 410 352 434 205 440
word 381 413 416 410 414 431 383 433
word 562 399 667 392 669 419 566 424
word 955 385 1044 382 1046 408 956 412
word 1176 376 1264 371 1265 398 1176 403
