word 2114 40 3579 69 3567 504 2096 446
word 385 710 914 728 896 852 367 816
word 1091 804 1779 822 1779 934 1085 904
word 2849 787 3320 787 3308 899 2838 893
word 3508 828 3761 822 3761 910 3502 910
word 602 975 973 975 967 1087 602 1087
word 1402 993 1814 999 1791 1122 1373 1099
word 2220 1010 2608 1004 2614 1128 2220 1122
word 3802 1028 4285 1028 4296 1134 3791 1134
word 4561 1040 5143 1052 5143 1152 4561 1140
word 1849 3304 3043 3328 3038 3440 1855 3422
word 373 2416 755 2434 726 2563 379 2546
word 1602 2481 1867 2493 1867 2599 1602 2593
word 4555 2516 4855 2522 4849 2628 4555 2616
word 502 1240 1167 1257 1167 1363 491 1340
word 1296 1269 1532 1269 1532 1369 1291 1363
word 2114 1293 2655 1304 2655 1404 2108 1387
word 3885 1334 4267 1340 4267 1422 3885 1428
word 5055 1340 5291 1340 5296 1446 5055 1440
