word 1441 282 2515 251 2524 508 1437 525
word 219 790 585 769 580 847 206 856
word 676 769 1176 760 1180 838 680 843
word 1993 756 2324 747 2328 821 2002 829
word 2437 721 2611 712 2611 773 2441 782
word 372 943 637 929 645 1012 372 1029
word 950 943 1241 929 1232 1008 963 1012
word 1541 916 1824 908 1828 1012 1545 1012
word 2693 916 3054 903 3054 977 2693 982
word 3259 903 3676 895 3680 969 3267 973
word 1332 2582 2163 2573 2163 2647 1341 2651
word 254 1999 515 1995 515 2082 259 2082
word 1106 1964 1602 1951 1602 2016 1111 2029
word 3237 1934 3567 1925 3567 1982 3245 1990
word 254 1095 754 1082 759 1156 254 1164
word 245 1229 745 1220 750 1294 254 1299
word 832 1095 959 1095 959 1147 828 1151
word 832 1225 1011 1221 1006 1295 828 1295
word 1428 1086 1915 1064 1919 1190 1437 1221
word 1424 1216 1824 1208 1824 1290 1428 1286
word 2719 1073 3002 1064 3006 1129 2719 1138
word 2715 1203 3002 1199 3006 1264 2719 1273
word 3480 1064 3750 1051 3750 1116 3476 1125
word 3585 1195 3754 1186 3750 1251 3593 1256
