word 1304 316 2054 370 2043 562 1286 502
word 393 609 676 623 672 684 383 662
word 740 691 1111 716 1101 773 729 741
word 1672 698 1915 712 1908 766 1668 752
word 1983 762 2079 762 2072 816 1976 805
word 511 730 715 741 704 809 511 795
word 940 770 1140 777 1129 827 936 820
word 1347 795 1561 798 1558 866 1347 859
word 2151 848 2393 859 2393 923 2147 905
word 2543 862 2815 884 2808 934 2543 923
word 1104 1973 1729 2005 1726 2066 1108 2030
word 372 1477 551 1487 543 1555 361 1545
word 986 1552 1615 1584 1615 1648 986 1616
word 2501 1630 2736 1648 2733 1712 2501 1687
word 418 895 779 920 776 984 411 955
word 408 992 776 1020 768 1081 404 1052
word 411 1095 761 1120 761 1162 404 1152
word 411 1191 765 1209 758 1270 404 1245
word 854 930 1093 941 1090 998 847 984
word 843 1030 1043 1037 1040 1095 836 1084
word 836 1127 1108 1134 1108 1198 829 1177
word 836 1216 961 1220 958 1273 833 1270
word 1272 952 1608 977 1593 1027 1265 1002
word 1265 1052 1579 1070 1579 1120 1261 1102
word 1265 1152 1604 1173 1590 1259 1261 1245
word 1247 1259 1572 1266 1568 1359 1243 1345
word 2158 1016 2354 1027 2351 1070 2154 1062
word 2151 1105 2354 1120 2354 1162 2147 1152
word 2147 1202 2347 1216 2347 1252 2143 1241
word 2143 1295 2343 1305 2343 1352 2140 1345
word 2677 1037 2874 1048 2870 1105 2674 1091
word 2685 1145 2860 1152 2860 1191 2685 1184
word 2685 1237 2867 1241 2863 1287 2692 1284
word 2649 1330 2860 1337 2860 1380 2645 1373
