word 1325 160 2430 151 2403 419 1298 428
word 189 665 507 660 503 737 180 733
word 625 701 1080 710 1075 792 621 774
word 1848 683 2189 683 2184 765 1848 756
word 2339 733 2480 733 2471 810 2330 801
word 312 815 557 819 539 915 294 901
word 848 837 1116 847 1094 924 834 906
word 1389 847 1675 837 1662 937 1380 937
word 2566 874 2975 869 2971 956 2566 956
word 3207 883 3684 892 3684 997 3203 978
word 1048 2533 1884 2628 1875 2697 1039 2610
word 112 1828 344 1842 339 1919 107 1906
word 884 1892 1434 1947 1421 2051 871 1983
word 3134 2128 3553 2156 3544 2237 3121 2201
word 212 992 653 1019 649 1083 208 1056
word 199 1128 635 1160 630 1219 194 1192
word 744 1028 898 1024 898 1106 744 1101
word 737 1165 847 1165 833 1242 728 1233
word 1289 1056 1671 1078 1666 1147 1289 1119
word 1289 1183 1616 1210 1612 1278 1280 1247
word 2616 1128 2930 1142 2921 1224 2607 1201
word 2603 1278 2921 1287 2916 1365 2594 1347
word 3628 1174 3805 1183 3805 1260 3628 1256
word 3446 1319 3787 1328 3782 1406 3441 1392
