word 564 126 904 113 906 198 562 210
word 192 296 309 289 311 317 192 324
word 348 308 500 301 502 320 348 329
word 737 280 841 275 843 299 741 301
word 886 282 937 280 937 299 885 305
word 242 343 328 338 328 369 240 373
word 419 336 514 331 514 361 421 366
word 600 334 686 324 688 348 607 357
word 951 322 1060 315 1062 338 953 343
word 1114 319 1246 312 1249 338 1118 345
word 542 845 804 831 807 859 542 871
word 213 668 295 662 295 685 213 694
word 486 666 716 657 718 687 488 694
word 1135 648 1232 641 1232 669 1137 672
word 221 408 372 403 374 424 223 431
word 399 406 439 402 439 425 399 428
word 578 396 681 392 683 413 581 419
word 968 389 1062 385 1062 406 970 410
word 1200 380 1278 375 1280 403 1199 406
