word 1389 260 2506 234 2515 508 1376 516
word 93 790 467 777 467 856 80 873
word 572 777 1102 769 1102 843 576 851
word 1972 760 2324 747 2324 825 1985 838
word 2428 725 2619 721 2619 790 2437 795
word 263 964 532 951 537 1025 259 1029
word 867 951 1172 938 1172 1025 876 1034
word 1506 947 1772 934 1780 1021 1506 1025
word 2689 929 3080 912 3085 995 2702 1003
word 3276 921 3698 903 3693 986 3293 999
word 1293 2664 2163 2625 2163 2716 1298 2756
word 145 2077 411 2073 411 2143 137 2151
word 1045 2034 1506 2021 1515 2086 1050 2099
word 3258 1981 3584 1973 3589 2047 3263 2047
word 132 1121 663 1108 667 1195 141 1203
word 141 1273 667 1260 667 1343 141 1347
word 741 1125 885 1121 885 1190 745 1195
word 750 1260 933 1256 924 1329 750 1334
word 1402 1121 1898 1108 1902 1243 1398 1260
word 1389 1260 1789 1247 1793 1321 1393 1325
word 2728 1099 3015 1095 3019 1147 2737 1160
word 2724 1238 3015 1234 3019 1295 2728 1308
word 3491 1082 3760 1077 3765 1143 3499 1147
word 3617 1225 3769 1217 3765 1282 3621 1282
