word 497 140 834 131 837 212 500 220
word 127 306 241 301 241 327 123 331
word 269 296 425 292 427 320 267 326
word 676 287 774 283 776 306 678 310
word 809 278 862 276 862 298 807 299
word 179 355 256 350 258 376 179 380
word 355 348 446 345 444 369 353 375
word 533 338 623 334 622 368 535 369
word 886 331 999 327 1000 352 885 355
word 1056 329 1185 322 1183 348 1056 355
word 476 854 746 845 746 873 478 878
word 148 678 225 680 225 696 148 701
word 400 666 586 659 588 687 402 692
word 1056 648 1153 645 1153 666 1055 668
word 146 399 295 396 295 422 148 422
word 141 445 295 440 295 461 146 466
word 320 398 356 394 355 420 321 422
word 323 436 380 433 383 457 325 461
word 504 394 653 389 655 429 506 436
word 506 436 630 429 630 459 509 461
word 893 385 985 383 985 405 895 408
word 895 427 981 424 983 443 895 448
word 1119 383 1203 378 1201 401 1120 406
word 1161 422 1206 419 1208 438 1162 441
