word 498 143 841 148 842 239 494 235
word 91 312 212 309 212 336 90 339
word 221 322 383 319 383 343 221 346
word 666 317 773 314 773 339 669 339
word 784 315 839 315 836 340 784 339
word 146 366 238 366 235 390 146 390
word 338 366 428 363 427 390 341 391
word 532 369 619 366 620 393 535 395
word 883 369 998 367 996 391 884 393
word 1056 369 1179 363 1179 394 1056 394
word 463 890 720 887 720 904 459 911
word 108 704 193 704 191 731 108 732
word 365 705 632 697 635 722 365 729
word 1034 690 1128 687 1127 714 1031 714
word 80 426 243 426 243 452 81 450
word 273 426 311 425 311 449 270 449
word 469 426 624 425 625 467 469 470
word 866 426 955 425 956 448 866 452
word 1082 426 1173 425 1175 449 1084 449
