word 678 173 1023 166 1025 262 678 262
word 278 341 413 338 413 362 279 369
word 446 352 618 348 620 375 442 376
word 858 334 964 331 964 354 856 359
word 1011 340 1071 340 1071 362 1013 362
word 341 396 430 392 430 417 341 420
word 527 392 618 389 620 417 530 417
word 711 390 807 390 807 417 713 419
word 1078 382 1193 378 1197 405 1075 408
word 1256 378 1383 373 1381 405 1256 408
word 649 926 921 915 923 940 653 952
word 295 729 385 729 385 754 299 755
word 585 734 698 731 698 757 587 759
word 1262 722 1365 715 1365 738 1265 743
word 306 459 476 455 476 480 307 482
word 504 455 541 455 541 473 506 476
word 699 454 846 450 848 496 695 498
word 1095 452 1193 448 1192 473 1097 475
word 1333 445 1417 443 1417 464 1333 469
