word 928 135 1648 127 1651 310 922 318
word 91 484 351 481 348 530 85 535
word 379 515 722 507 722 561 379 567
word 1299 490 1522 481 1522 524 1302 532
word 1559 467 1671 461 1668 512 1559 512
word 217 601 394 595 399 647 217 655
word 622 601 802 598 802 641 614 644
word 1011 598 1191 590 1197 650 1019 647
word 1751 584 1991 572 1994 630 1757 635
word 2125 575 2394 567 2394 621 2122 630
word 868 1704 1428 1672 1431 1718 871 1747
word 114 1310 299 1301 297 1358 117 1367
word 697 1304 925 1287 925 1347 697 1358
word 2074 1235 2287 1227 2293 1267 2078 1272
word 88 741 437 727 439 778 94 790
word 497 738 582 735 582 778 497 778
word 908 721 1217 712 1221 812 914 815
word 1735 698 1925 692 1922 727 1733 732
word 2229 672 2406 670 2409 712 2229 715
