word 971 215 1542 215 1542 370 971 364
word 322 490 528 487 528 524 322 532
word 562 498 834 495 834 544 565 544
word 1268 490 1437 487 1437 524 1268 527
word 1467 458 1545 458 1545 498 1467 498
word 417 578 571 581 571 612 417 615
word 725 578 885 575 885 615 725 621
word 1037 575 1182 575 1182 612 1045 621
word 1619 581 1808 572 1808 607 1625 621
word 1911 572 2105 570 2102 607 1911 607
word 925 1410 1357 1404 1359 1441 925 1450
word 371 1115 508 1115 508 1158 371 1158
word 814 1110 1102 1095 1108 1144 814 1158
word 1879 1064 2034 1055 2031 1095 1882 1098
word 345 687 614 670 614 715 345 727
word 354 752 628 747 625 787 357 798
word 665 672 754 672 754 710 662 712
word 665 747 739 747 737 781 668 781
word 971 661 1168 658 1165 698 965 695
word 981 730 1228 724 1227 801 982 804
word 1619 644 1771 641 1765 672 1622 678
word 1617 712 1768 707 1768 738 1619 747
word 2044 630 2135 627 2132 655 2044 661
word 1989 695 2132 687 2126 732 1992 735
