word 68 492 319 501 314 541 59 541
word 874 201 1531 221 1534 381 871 367
word 382 550 708 558 708 604 379 598
word 1214 530 1408 532 1408 572 1214 570
word 1474 564 1577 564 1579 607 1479 607
word 179 610 351 607 351 655 179 652
word 568 615 751 612 745 661 565 658
word 948 618 1114 624 1108 675 942 667
word 1614 635 1825 632 1825 684 1617 684
word 1934 641 2159 638 2159 684 1939 684
word 788 1638 1314 1615 1317 1664 788 1684
word 94 1270 268 1272 268 1318 94 1318
word 659 1292 985 1287 982 1332 662 1341
word 1925 1267 2102 1267 2102 1304 1931 1304
word 102 752 437 758 434 804 102 798
word 108 838 437 838 437 878 108 881
word 494 764 605 761 599 804 497 804
word 488 841 579 841 577 884 488 884
word 879 758 1119 764 1117 807 871 804
word 871 841 1177 841 1171 921 874 932
word 1628 772 1791 770 1791 810 1628 815
word 1622 858 1785 855 1788 887 1622 892
word 2109 772 2201 770 2201 815 2115 815
word 2049 852 2189 847 2192 890 2052 892
