word 434 118 774 115 774 200 434 200
word 77 276 187 274 187 300 76 301
word 208 279 366 281 365 312 208 309
word 607 271 711 269 711 295 608 295
word 739 273 790 273 789 298 739 295
word 122 325 201 325 203 348 121 345
word 296 325 383 326 381 349 297 346
word 467 322 558 321 558 349 469 346
word 811 329 927 324 928 346 815 352
word 990 321 1114 314 1115 338 993 345
word 390 843 659 848 656 867 389 866
word 69 639 148 643 146 670 65 664
word 329 645 480 650 481 674 328 671
word 986 645 1086 643 1086 667 986 667
word 86 383 231 381 231 404 86 402
word 79 426 229 422 228 448 79 446
word 255 381 314 381 312 404 255 404
word 256 424 298 424 297 446 253 445
word 432 380 529 376 531 400 432 402
word 428 419 597 419 594 464 431 466
word 815 386 905 386 905 400 815 401
word 820 426 903 425 903 439 821 442
word 1078 381 1136 379 1140 395 1077 397
word 1055 422 1138 419 1138 438 1055 442
