word 1066 2013 1948 1996 1948 2219 1071 2231
word 148 2413 430 2413 430 2484 136 2490
word 530 2437 930 2425 936 2502 530 2513
word 1524 2396 1777 2390 1783 2449 1524 2460
word 1901 2402 2048 2390 2048 2460 1907 2466
word 277 2549 483 2549 483 2613 271 2613
word 709 2543 954 2537 942 2613 713 2613
word 1171 2531 1419 2519 1424 2619 1177 2619
word 2056 2513 2366 2502 2366 2590 2066 2608
word 2518 2508 2842 2490 2842 2572 2530 2590
word 1001 3860 1689 3837 1695 3908 1013 3919
word 166 3390 371 3378 371 3443 160 3466
word 860 3372 1242 3372 1242 3455 860 3455
word 2533 3343 2819 3343 2813 3437 2539 3431
word 207 2702 589 2696 589 2755 213 2760
word 651 2690 762 2690 762 2760 657 2760
word 1115 2678 1513 2672 1515 2802 1119 2808
word 2113 2684 2348 2672 2348 2719 2124 2737
word 2704 2672 2921 2666 2921 2737 2709 2743
