word 1974 68 3192 144 3192 415 1998 391
word 451 638 921 633 910 733 439 738
word 1121 662 1768 674 1768 786 1110 768
word 2610 662 2980 633 2980 733 2621 744
word 3192 621 3404 638 3386 727 3186 709
word 645 838 1010 827 1015 933 657 933
word 1415 856 1763 844 1763 938 1421 944
word 2133 856 2439 850 2427 933 2133 944
word 3410 856 3839 886 3839 986 3415 962
word 3998 921 4463 944 4468 1038 4015 1003
word 1898 2756 2804 2709 2815 2797 1910 2844
word 545 2138 880 2121 886 2221 557 2238
word 1733 2080 2468 2009 2474 2115 1745 2180
word 4204 2062 4615 2080 4615 2168 4204 2138
word 600 1097 1247 1074 1247 1150 606 1174
word 633 1262 1257 1227 1263 1327 627 1356
word 1363 1074 1580 1068 1580 1138 1368 1150
word 1351 1238 1539 1227 1533 1315 1363 1321
word 2080 1062 2498 1050 2498 1127 2086 1138
word 2092 1221 2621 1197 2621 1350 2104 1380
word 3533 1044 3857 1050 3857 1127 3545 1121
word 3539 1197 3868 1203 3868 1274 3539 1268
word 4454 1132 4634 1127 4634 1192 4454 1187
word 4374 1262 4654 1262 4659 1337 4384 1337
