word 1161 177 2022 241 2015 452 1161 391
word 108 537 422 548 418 609 101 591
word 440 573 865 598 858 677 429 652
word 1601 630 1854 627 1854 680 1604 677
word 1886 662 2011 662 2008 716 1886 716
word 233 666 476 684 458 762 222 745
word 751 709 983 716 983 777 743 762
word 1247 727 1465 734 1461 812 1247 791
word 2126 773 2401 773 2404 848 2133 841
word 2547 798 2854 798 2861 862 2561 859
word 979 2145 1704 2134 1704 2187 979 2209
word 54 1570 286 1580 279 1648 40 1641
word 711 1602 1090 1609 1090 1680 711 1670
word 2468 1662 2711 1662 2711 1716 2472 1716
word 36 827 472 855 465 920 26 891
word 543 859 654 866 643 920 536 909
word 1061 877 1454 909 1451 1020 1047 1002
word 2079 955 2297 970 2290 1020 2072 1009
word 2645 987 2842 991 2842 1041 2642 1041
