word 555 120 893 106 895 194 558 199
word 190 287 304 283 306 305 190 310
word 316 289 471 282 471 310 318 317
word 735 266 842 264 842 283 737 289
word 851 262 893 259 893 280 851 283
word 242 338 325 331 325 355 244 362
word 414 327 507 324 507 347 414 352
word 599 322 686 317 686 343 602 347
word 946 312 1067 306 1067 331 949 338
word 1120 301 1242 298 1241 326 1125 329
word 537 829 807 824 807 848 539 859
word 206 655 292 654 292 682 207 682
word 455 654 565 650 562 675 455 680
word 1111 627 1204 620 1204 645 1113 650
word 181 396 346 387 346 415 181 419
word 365 387 406 387 406 408 362 408
word 549 382 697 371 699 415 553 426
word 942 366 1028 361 1028 382 942 387
word 1164 356 1250 352 1249 373 1164 375
