word 481 149 831 131 836 218 487 238
word 72 345 200 335 200 360 73 370
word 246 345 425 332 428 369 248 377
word 674 308 777 300 780 326 677 332
word 828 315 872 311 873 339 832 340
word 132 397 224 388 227 417 136 422
word 338 383 429 376 434 404 341 411
word 528 371 629 366 629 391 529 397
word 883 346 980 338 980 362 884 370
word 1025 338 1138 333 1138 357 1028 362
word 498 908 763 874 765 898 498 928
word 124 755 210 740 212 766 122 779
word 417 732 567 714 573 742 422 757
word 1025 659 1108 642 1108 667 1025 677
word 105 463 286 452 287 476 105 488
word 111 511 289 498 291 524 114 535
word 314 452 356 450 356 470 314 473
word 317 498 380 493 383 522 321 524
word 518 442 676 431 679 473 522 487
word 517 491 648 477 651 505 522 515
word 908 424 980 417 980 435 910 443
word 908 463 976 457 979 477 910 484
word 1093 412 1162 405 1162 426 1097 432
word 1122 450 1160 445 1162 462 1124 466
