word 1197 373 2097 370 2101 580 1204 580
word 172 780 479 780 479 848 165 845
word 558 720 972 730 973 787 551 780
word 1665 777 1936 777 1940 837 1665 841
word 2015 755 2154 752 2154 805 2015 805
word 315 916 536 909 536 984 322 984
word 815 923 1036 920 1033 973 811 980
word 1297 927 1515 916 1518 977 1297 980
word 2226 916 2536 909 2540 977 2233 980
word 2690 920 3040 909 3040 966 2693 977
word 1126 2255 1786 2252 1786 2309 1118 2312
word 236 1773 443 1773 440 1834 240 1837
word 890 1716 1168 1712 1158 1777 890 1773
word 2604 1752 2871 1752 2871 1812 2607 1809
word 190 980 618 991 615 1055 183 1041
word 690 998 922 1002 918 1059 683 1055
word 1179 1016 1443 1020 1443 1080 1183 1073
word 2218 1048 2451 1045 2454 1098 2222 1098
word 2835 1059 3049 1059 3052 1109 2835 1109
