word 865 227 1631 193 1634 390 862 405
word 25 586 278 574 281 636 22 643
word 378 640 722 630 728 686 365 696
word 1275 565 1509 549 1512 596 1278 608
word 1593 583 1690 580 1690 636 1600 636
word 140 702 328 693 325 749 137 755
word 543 699 728 686 725 733 543 743
word 959 677 1150 668 1150 733 956 733
word 1753 658 2012 646 2012 699 1753 708
word 2143 640 2428 627 2426 690 2137 696
word 800 1815 1397 1796 1393 1865 800 1865
word 43 1411 237 1408 237 1465 43 1465
word 678 1449 1209 1440 1209 1490 678 1502
word 2165 1399 2393 1393 2393 1446 2165 1452
word 81 890 431 874 431 918 81 933
word 84 971 434 961 434 1008 81 1018
word 84 1058 434 1049 434 1102 84 1108
word 84 1152 431 1140 434 1190 87 1196
word 493 874 725 865 725 911 497 915
word 490 955 687 952 684 993 487 996
word 500 1052 765 1036 765 1083 500 1099
word 497 1146 609 1136 609 1177 500 1183
word 906 855 1247 840 1250 890 906 905
word 907 946 1226 930 1226 990 910 996
word 909 1040 1250 1018 1250 1108 918 1121
word 900 1133 1225 1121 1220 1215 898 1218
word 1803 830 1997 821 2000 865 1809 871
word 1806 921 2003 911 2003 952 1806 961
word 1809 1008 2003 1002 2006 1040 1812 1046
word 1812 1105 2003 1102 2003 1133 1812 1143
word 2375 815 2510 805 2510 849 2372 852
word 2341 905 2516 896 2513 943 2344 946
word 2357 996 2510 986 2513 1024 2357 1033
word 2332 1083 2516 1077 2519 1121 2332 1127
