word 1972 126 3454 138 3448 491 1954 491
word 278 832 760 826 760 938 272 932
word 990 873 1695 868 1690 991 984 979
word 2731 838 3178 844 3178 944 2731 932
word 3407 850 3590 844 3595 938 3413 944
word 495 1068 872 1062 872 1168 495 1162
word 1295 1050 1672 1050 1666 1150 1290 1156
word 2107 1079 2490 1079 2484 1162 2101 1168
word 3660 1079 4178 1079 4178 1197 3660 1185
word 4472 1079 5001 1079 4990 1203 4478 1197
word 1772 3403 2907 3391 2913 3526 1772 3515
word 278 2515 643 2509 648 2656 272 2650
word 1531 2562 2043 2562 2043 2650 1543 2650
word 4448 2568 4807 2562 4807 2644 4443 2644
word 401 1338 1101 1332 1101 1456 384 1432
word 1213 1338 1448 1338 1448 1415 1207 1420
word 2025 1338 2484 1344 2484 1432 2031 1432
word 3772 1350 4160 1356 4160 1432 3766 1426
word 4918 1358 5166 1353 5166 1442 4929 1442
