word 1978 99 3437 93 3437 493 1954 481
word 266 828 772 816 760 922 254 928
word 990 840 2378 840 2372 957 984 940
word 2737 828 3184 816 3184 922 2731 928
word 3401 816 3637 816 3637 928 3407 928
word 3684 810 3907 804 3884 922 3684 922
word 507 1057 854 1052 848 1169 495 1157
word 1284 1040 1672 1034 1672 1163 1295 1152
word 2113 1063 2484 1046 2484 1140 2107 1146
word 3672 1057 4172 1046 4178 1157 3684 1157
word 4454 1057 4990 1063 4990 1157 4460 1152
word 1795 3381 2925 3381 2925 3481 1790 3487
word 319 2516 666 2510 660 2628 284 2634
word 1572 2516 2719 2522 2731 2628 1578 2622
word 4472 2510 4937 2499 4937 2616 4484 2610
word 407 1304 1090 1299 1078 1410 407 1399
word 413 1504 1090 1493 1084 1581 407 1587
word 413 1681 1095 1669 1095 1775 413 1769
word 401 1863 1101 1863 1101 1975 401 1957
word 407 2063 1090 2052 1090 2175 401 2157
word 1219 1310 1654 1299 1654 1393 1225 1393
word 1225 1493 1595 1481 1584 1599 1225 1587
word 1213 1669 1590 1669 1595 1769 1207 1763
word 1207 1863 1454 1857 1460 1963 1207 1969
word 1213 2063 1431 2057 1437 2157 1207 2157
word 2025 1304 2695 1299 2695 1422 2025 1410
word 2025 1493 2266 1493 2266 1587 2025 1581
word 2025 1687 2466 1681 2460 1775 2019 1769
word 2031 1875 2613 1863 2613 2028 2037 2040
word 1995 2069 2460 2057 2466 2140 1990 2152
word 3790 1310 4154 1310 4148 1387 3790 1387
word 3773 1499 4149 1499 4149 1581 3767 1581
word 3773 1687 4149 1681 4149 1757 3773 1763
word 3784 1881 4154 1875 4148 1957 3790 1957
word 3772 2063 4148 2069 4154 2134 3766 2140
word 4876 1321 5155 1316 5139 1410 4876 1405
word 4787 1495 5139 1489 5150 1584 4781 1579
word 4797 1689 5145 1684 5150 1774 4802 1774
word 4802 1884 5150 1874 5150 1968 4808 1974
word 4897 2074 5160 2068 5139 2168 4897 2158
