word 474 2 798 2 798 71 477 75
word 93 163 209 158 208 185 94 187
word 236 168 396 160 396 185 236 190
word 650 140 746 136 748 162 652 166
word 775 140 832 135 834 159 777 160
word 144 213 227 209 227 226 147 233
word 328 202 415 197 416 221 331 225
word 513 197 602 190 604 212 515 220
word 858 183 966 175 969 197 859 206
word 1025 180 1138 170 1142 190 1028 201
word 101 543 186 536 188 571 101 575
word 375 535 521 525 523 552 377 561
word 1044 497 1139 489 1142 510 1047 516
word 101 274 262 266 263 289 102 295
word 288 263 325 263 325 285 289 286
word 477 258 623 248 625 291 481 299
word 869 243 954 239 955 256 870 260
word 1087 231 1167 226 1169 244 1089 249
