word 476 95 807 105 803 183 472 174
word 98 236 215 238 212 263 91 262
word 245 249 405 253 403 280 243 274
word 639 250 738 250 739 271 638 273
word 774 255 828 253 828 276 774 276
word 145 290 231 287 228 311 143 312
word 328 294 414 295 412 318 328 317
word 508 295 590 294 590 324 505 322
word 845 301 952 301 953 324 845 324
word 1015 302 1129 304 1131 329 1017 325
word 425 798 683 794 681 819 427 821
word 96 605 176 604 176 636 91 633
word 371 612 508 609 508 645 368 642
word 1004 615 1110 615 1112 633 1003 633
word 115 349 266 349 266 371 111 369
word 296 352 336 350 336 374 294 373
word 477 356 621 353 621 391 477 395
word 855 359 938 357 938 376 855 377
word 1076 355 1154 355 1154 379 1076 377
