word 1983 448 3342 412 3331 736 1960 760
word 578 1083 1001 1071 1001 1165 578 1171
word 1083 1101 1660 1089 1654 1201 1083 1195
word 2654 1054 3072 1048 3072 1130 2642 1142
word 3207 1042 3448 1030 3448 1136 3213 1136
word 739 1265 1039 1265 1031 1360 754 1365
word 1383 1265 1736 1248 1719 1360 1389 1365
word 2089 1260 2419 1248 2419 1371 2089 1371
word 3519 1265 4013 1260 4013 1354 3525 1360
word 4278 1277 4848 1265 4842 1342 4278 1360
word 1731 3301 2795 3383 2778 3483 1731 3401
word 560 2495 831 2501 831 2607 536 2595
word 1513 2548 2172 2571 2172 2671 1507 2654
word 4231 2648 4666 2654 4672 2771 4236 2754
word 625 1489 1189 1483 1183 1571 613 1565
word 613 1636 1154 1642 1148 1730 613 1724
word 1248 1511 1407 1516 1395 1581 1248 1575
word 1242 1642 1442 1642 1431 1736 1236 1724
word 1942 1501 2542 1495 2548 1648 1942 1648
word 1919 1660 2431 1654 2425 1765 1907 1760
word 3560 1507 3942 1501 3936 1583 3560 1589
word 3548 1671 3931 1677 3936 1754 3548 1760
word 4551 1507 4927 1501 4933 1589 4562 1589
word 4715 1689 4962 1683 4962 1760 4721 1765
