word 1211 448 2026 416 2029 620 1208 641
word 297 848 572 841 572 905 297 916
word 651 880 1033 866 1033 930 643 941
word 1636 812 1886 802 1890 866 1640 873
word 1976 820 2108 816 2111 870 1979 873
word 422 970 618 962 615 1027 422 1030
word 861 959 1072 955 1077 1009 865 1020
word 1301 959 1511 941 1515 998 1311 1009
word 2161 920 2433 902 2436 970 2165 984
word 2597 912 2911 891 2908 952 2604 966
word 1161 2187 1793 2166 1793 2237 1158 2245
word 351 1755 551 1745 554 1805 351 1816
word 993 1748 1418 1741 1418 1805 1004 1823
word 2590 1720 2843 1716 2843 1777 2593 1777
word 347 1141 722 1123 726 1180 354 1191
word 354 1234 722 1223 726 1287 354 1291
word 786 1127 886 1120 886 1177 790 1184
word 783 1223 929 1223 922 1273 790 1280
word 1233 1102 1583 1087 1590 1198 1237 1209
word 1233 1223 1518 1195 1526 1259 1243 1270
word 2186 1084 2404 1077 2408 1130 2193 1141
word 2183 1187 2401 1180 2401 1230 2183 1241
word 2770 1062 2984 1052 2987 1109 2780 1116
word 2866 1170 2995 1162 2995 1209 2866 1216
