word 942 467 1605 444 1608 612 942 624
word 188 784 414 781 414 838 185 841
word 445 798 759 792 759 847 448 847
word 1288 764 1491 755 1488 807 1285 812
word 1534 761 1654 755 1657 801 1534 804
word 282 887 459 878 459 938 288 944
word 651 881 831 875 831 921 648 924
word 1014 870 1182 870 1185 915 1014 918
word 1717 855 1948 844 1948 898 1717 907
word 2074 847 2334 838 2339 892 2082 898
word 879 1924 1405 1907 1408 1930 897 1935
word 214 1532 362 1532 365 1590 214 1595
word 714 1535 1197 1524 1197 1575 711 1595
word 2048 1515 2257 1512 2259 1552 2054 1552
word 197 1007 499 1001 499 1050 199 1052
word 197 1092 499 1084 499 1132 199 1135
word 551 998 659 998 662 1044 554 1044
word 557 1084 637 1084 634 1121 554 1124
word 922 990 1165 984 1168 1030 925 1038
word 914 1075 1228 1067 1228 1152 915 1161
word 1711 981 1894 975 1897 1018 1714 1021
word 1714 1061 1894 1058 1897 1098 1719 1107
word 2255 972 2373 972 2370 1007 2258 1010
word 2181 1052 2364 1050 2364 1087 2184 1092
