word 539 108 874 96 876 183 534 190
word 171 275 288 273 290 303 169 306
word 314 268 467 264 465 290 313 294
word 718 261 816 254 816 280 718 283
word 846 248 900 247 900 271 846 271
word 220 329 311 322 309 352 223 355
word 401 319 486 313 486 338 401 343
word 579 315 669 312 669 338 579 340
word 920 306 1035 301 1035 324 921 329
word 1095 301 1218 296 1218 319 1099 326
word 518 826 779 819 781 841 521 850
word 185 645 274 643 274 666 188 671
word 442 636 621 633 620 655 441 662
word 1095 613 1193 612 1192 640 1093 638
word 188 376 339 371 339 390 190 396
word 192 415 341 410 341 436 192 440
word 367 371 399 369 399 396 367 396
word 367 412 420 408 420 431 367 434
word 544 361 699 357 699 396 547 403
word 539 408 672 403 671 427 541 429
word 932 355 1023 352 1023 373 932 378
word 932 398 1020 394 1023 415 932 419
word 1156 352 1240 350 1238 369 1154 369
word 1196 392 1240 390 1240 410 1194 412
