word 555 113 883 108 883 194 548 196
word 178 271 293 271 293 296 176 299
word 321 284 479 284 476 310 321 312
word 723 268 827 266 827 290 723 292
word 860 269 906 269 904 294 860 294
word 230 322 314 320 314 345 228 348
word 402 326 492 322 493 345 407 348
word 585 317 672 313 672 340 586 341
word 937 319 1048 310 1051 340 935 343
word 1109 313 1227 310 1228 338 1107 338
word 514 833 781 826 781 850 513 857
word 183 645 278 643 278 673 190 673
word 446 645 688 645 688 673 446 675
word 1106 638 1200 638 1200 664 1107 661
word 192 383 349 380 349 403 192 406
word 193 427 346 426 346 445 195 448
word 371 382 407 382 407 399 369 401
word 369 424 423 422 423 445 367 445
word 549 378 709 378 709 413 551 420
word 544 424 674 417 674 445 546 447
word 948 378 1035 376 1035 401 948 401
word 944 420 1035 417 1037 441 944 443
word 1175 378 1256 376 1254 396 1177 399
word 1215 417 1256 417 1256 440 1215 440
