word 507 100 842 109 842 188 501 180
word 72 249 207 252 207 279 69 277
word 248 264 420 263 420 291 245 287
word 687 259 793 257 794 281 690 281
word 827 264 872 262 873 287 829 287
word 129 308 229 307 227 339 125 336
word 334 311 441 308 439 336 335 335
word 546 308 632 307 635 336 546 336
word 905 309 1014 307 1018 336 908 338
word 1069 317 1184 309 1186 335 1073 340
word 476 904 779 877 781 904 479 926
word 65 684 162 679 160 709 65 714
word 391 676 590 667 591 695 391 702
word 1105 646 1198 639 1200 663 1108 669
word 84 373 267 373 267 397 83 395
word 86 419 270 421 270 443 86 440
word 303 374 362 374 362 398 303 398
word 301 419 345 419 345 442 301 443
word 511 373 640 373 641 397 512 398
word 514 418 674 412 676 456 517 460
word 922 374 1010 371 1010 393 927 395
word 922 418 1010 414 1010 435 924 439
word 1171 373 1220 369 1220 393 1176 395
word 1144 417 1220 412 1223 433 1147 436
