word 991 361 1628 350 1622 512 977 515
word 294 661 499 661 499 695 297 701
word 551 655 839 650 834 701 551 704
word 1307 661 1499 658 1499 701 1308 704
word 1559 644 1631 638 1628 672 1562 675
word 379 750 542 752 537 795 379 792
word 711 752 868 747 871 795 711 801
word 1051 752 1202 747 1205 801 1048 801
word 1702 752 1928 750 1928 795 1699 798
word 2057 747 2299 747 2297 792 2059 795
word 922 1684 1397 1695 1394 1735 922 1724
word 314 1344 454 1344 454 1390 311 1387
word 788 1335 1042 1335 1042 1370 788 1372
word 2019 1350 2208 1355 2208 1407 2017 1398
word 319 847 602 844 599 881 322 884
word 322 915 602 915 599 958 322 952
word 639 841 714 838 711 884 642 881
word 645 915 751 915 751 958 642 958
word 982 838 1259 835 1259 921 985 918
word 974 921 1214 921 1214 972 977 964
word 1719 850 1885 847 1885 890 1714 890
word 1714 930 1888 927 1888 967 1717 970
word 2168 850 2339 850 2339 887 2171 887
word 2248 930 2336 927 2339 967 2251 970
