word 4055 225 7092 213 7080 1000 4017 963
word 667 1663 1717 1638 1692 1875 692 1875
word 1805 1750 3230 1725 3192 1988 1830 1938
word 5580 1675 6505 1663 6517 1875 5605 1875
word 6680 1675 7180 1650 7167 1863 6680 1863
word 1155 2125 1867 2100 1867 2350 1117 2350
word 2755 2138 3517 2113 3505 2350 2730 2338
word 4355 2150 5092 2113 5092 2313 4367 2338
word 7505 2125 8505 2100 8517 2363 7505 2363
word 9067 2138 10130 2113 10130 2375 9092 2400
word 3667 6763 6017 6763 6005 7000 3642 7000
word 717 5050 1442 5038 1442 5275 717 5275
word 2942 5075 4342 5075 4342 5325 2942 5300
word 8855 5063 9692 5050 9692 5225 8880 5238
word 680 2650 2030 2638 2017 2838 667 2838
word 2242 2650 2592 2638 2592 2838 2255 2838
word 3892 2650 5280 2625 5255 3050 3905 3038
word 7417 2663 8205 2650 8205 2825 7430 2850
word 9466 2663 10177 2641 10177 2852 9477 2852
