word 919 150 1514 164 1514 321 917 298
word 214 415 434 418 431 461 214 455
word 480 447 766 450 766 510 478 495
word 1222 450 1399 444 1399 490 1222 487
word 1448 455 1534 455 1531 495 1448 495
word 313 510 457 510 457 555 314 552
word 637 518 794 515 791 564 637 567
word 971 527 1131 530 1131 572 971 570
word 1588 538 1791 541 1791 587 1585 581
word 1908 550 2128 550 2128 592 1905 590
word 805 1464 1291 1461 1294 1501 805 1504
word 205 1098 351 1101 348 1152 199 1150
word 705 1121 1017 1127 1014 1167 702 1170
word 1882 1138 2065 1132 2065 1175 1877 1175
word 234 632 522 635 519 678 234 672
word 231 707 517 710 517 752 228 744
word 565 638 665 635 665 681 568 675
word 565 713 645 716 639 756 565 753
word 902 647 1117 647 1117 690 899 684
word 905 718 1182 724 1182 795 908 792
word 1602 652 1762 650 1759 695 1599 695
word 1602 730 1754 727 1757 764 1599 767
word 2078 655 2158 650 2158 690 2081 690
word 2007 727 2155 724 2153 764 2013 764
