word 1598 772 2530 776 2526 1017 1589 1008
word 535 1208 858 1208 858 1267 530 1267
word 939 1222 1389 1222 1389 1285 935 1285
word 2067 1208 2339 1208 2339 1276 2067 1276
word 2424 1209 2563 1204 2553 1267 2426 1272
word 680 1358 921 1349 917 1431 685 1426
word 1180 1349 1439 1345 1439 1408 1185 1417
word 1685 1354 1921 1354 1926 1417 1685 1417
word 2639 1354 2971 1349 2971 1417 2639 1422
word 3126 1349 3476 1345 3485 1413 3130 1422
word 1498 2735 2226 2726 2226 2790 1503 2804
word 580 2240 794 2235 789 2308 580 2317
word 1294 2240 1598 2235 1598 2295 1298 2299
word 3080 2208 3367 2217 3367 2276 3076 2281
word 580 1504 1012 1499 1012 1567 589 1576
word 1089 1504 1330 1508 1330 1572 1085 1563
word 1585 1504 1880 1504 1885 1563 1585 1567
word 2662 1508 2912 1499 2912 1567 2667 1572
word 3296 1504 3542 1499 3537 1567 3305 1567
