word 473 122 825 124 825 215 473 205
word 72 273 191 276 191 300 72 298
word 245 291 407 294 407 318 243 311
word 647 284 755 286 756 318 649 315
word 814 291 874 291 874 318 814 315
word 128 333 211 333 211 357 129 356
word 314 335 405 336 403 363 314 360
word 505 340 589 340 590 369 503 367
word 876 348 996 349 994 374 874 369
word 1065 352 1200 350 1201 376 1067 379
word 417 870 687 879 687 901 415 894
word 80 662 160 663 160 693 79 690
word 372 676 517 679 517 705 373 701
word 1067 701 1179 704 1179 725 1067 722
word 105 391 270 394 269 417 105 414
word 293 395 338 397 336 421 293 418
word 489 401 641 402 641 445 487 443
word 898 412 996 412 996 438 897 436
word 1150 417 1240 417 1238 445 1151 443
