word 528 102 856 104 855 186 525 181
word 141 248 265 250 265 277 139 274
word 276 264 434 266 434 293 277 287
word 700 257 794 255 794 280 697 280
word 813 263 853 263 853 284 813 284
word 198 301 279 300 281 326 196 326
word 377 304 466 305 466 328 377 325
word 559 308 643 305 645 332 560 332
word 906 305 1015 304 1017 328 904 331
word 1074 307 1198 305 1201 333 1076 331
word 481 819 746 818 748 840 479 843
word 139 626 228 625 227 650 139 652
word 400 632 521 632 521 657 397 656
word 1060 635 1159 633 1158 657 1059 659
word 139 359 298 360 298 386 142 381
word 321 363 360 363 360 383 322 383
word 510 366 652 367 652 409 508 409
word 894 371 986 371 987 394 894 394
word 1121 371 1207 371 1205 397 1123 395
