word 822 364 1497 327 1497 507 834 530
word 171 687 365 681 371 738 171 744
word 422 718 705 712 705 764 422 761
word 1171 672 1368 664 1368 718 1168 724
word 1437 701 1522 692 1522 738 1445 741
word 271 784 408 781 411 824 274 824
word 582 781 731 778 728 821 579 824
word 914 781 1065 775 1068 827 917 830
word 1597 781 1848 775 1848 818 1602 824
word 1999 761 2291 761 2291 830 1999 824
word 788 1767 1274 1801 1274 1838 782 1807
word 211 1372 359 1375 359 1427 214 1421
word 668 1421 1051 1438 1054 1490 668 1470
word 1965 1498 2188 1518 2185 1572 1959 1552
word 214 904 474 907 474 947 217 944
word 214 981 477 984 477 1030 219 1021
word 217 1058 482 1064 482 1104 214 1098
word 519 907 585 904 585 947 514 952
word 525 981 619 981 617 1035 522 1030
word 522 1067 608 1067 608 1107 519 1104
word 847 910 1156 912 1161 1004 847 995
word 842 998 1079 998 1074 1050 845 1047
word 839 1067 1039 1072 1039 1124 842 1115
word 1611 930 1811 930 1808 972 1614 975
word 1611 1018 1808 1015 1805 1058 1614 1061
word 1617 1107 1808 1107 1805 1155 1619 1152
word 2138 935 2338 941 2338 975 2135 975
word 2225 1030 2331 1032 2331 1075 2228 1075
word 2153 1118 2333 1124 2333 1178 2161 1175
