word 731 198 1388 144 1397 327 742 372
word 99 555 288 547 288 595 99 607
word 342 595 622 590 619 638 342 635
word 1068 510 1268 498 1271 541 1068 555
word 1345 561 1502 550 1499 607 1345 610
word 188 644 317 638 319 690 194 690
word 488 644 637 635 637 675 488 684
word 814 627 977 618 979 667 811 672
word 1508 601 1745 584 1748 630 1505 647
word 1885 575 2185 555 2182 615 1888 627
word 691 1630 1177 1661 1174 1701 685 1672
word 142 1238 277 1241 277 1292 142 1292
word 579 1295 905 1315 902 1370 577 1350
word 1862 1378 2088 1392 2088 1452 1857 1432
word 137 784 388 784 388 827 139 824
word 139 864 388 867 388 907 142 901
word 428 781 508 781 508 824 431 827
word 431 861 534 861 534 904 437 904
word 762 787 1048 784 1045 872 762 867
word 751 872 982 870 985 912 751 912
word 1522 795 1705 795 1702 838 1519 838
word 1514 884 1708 884 1711 927 1514 924
word 2035 795 2235 792 2235 841 2038 841
word 2135 890 2233 887 2233 935 2130 935
