word 994 321 1608 258 1608 435 1005 487
word 314 661 528 647 531 690 311 707
word 574 644 862 627 865 672 574 687
word 1339 615 1508 598 1508 641 1339 655
word 1554 561 1625 547 1628 601 1559 607
word 411 752 568 744 565 795 408 795
word 728 735 908 724 908 770 731 778
word 1071 724 1234 712 1242 764 1077 772
word 1705 684 1948 667 1954 721 1711 735
word 2085 670 2342 658 2342 712 2097 718
word 971 1675 1462 1687 1462 1732 968 1724
word 368 1347 517 1338 519 1390 377 1395
word 848 1327 1137 1315 1137 1361 848 1367
word 2105 1312 2317 1298 2319 1358 2105 1367
word 351 850 631 830 631 872 354 881
word 359 920 639 903 642 951 362 963
word 675 827 752 827 755 861 677 867
word 686 907 783 898 783 941 689 947
word 1022 812 1302 798 1305 872 1025 887
word 1005 887 1248 875 1254 924 1011 932
word 1731 781 1925 764 1922 798 1734 815
word 1737 858 1914 847 1917 884 1739 895
word 2221 747 2387 738 2387 775 2224 784
word 2295 830 2384 827 2387 867 2298 870
