word 493 152 820 125 825 212 498 231
word 135 324 249 315 249 345 138 352
word 279 340 429 332 429 356 279 363
word 667 294 766 286 767 309 669 317
word 803 302 860 294 862 318 807 324
word 189 371 267 367 267 390 191 393
word 361 362 442 356 443 380 365 387
word 535 356 617 345 620 370 536 379
word 880 331 990 319 994 343 884 355
word 1053 318 1187 308 1187 333 1056 342
word 490 848 742 836 742 853 491 867
word 163 681 248 673 246 700 165 707
word 422 686 570 677 573 700 422 709
word 1066 656 1152 653 1152 680 1063 683
word 153 443 310 438 311 455 159 463
word 159 484 311 474 312 494 163 502
word 163 524 311 514 312 533 166 543
word 334 435 369 432 369 455 336 456
word 336 471 389 469 390 490 338 493
word 339 512 390 511 390 533 341 535
word 505 424 636 417 639 456 508 463
word 507 467 621 457 624 479 510 487
word 511 505 611 497 614 521 514 526
word 896 405 980 400 980 419 898 424
word 893 446 983 440 984 460 894 464
word 898 488 984 483 987 502 900 508
word 1134 391 1216 386 1216 404 1136 409
word 1169 431 1217 426 1219 442 1168 448
word 1164 471 1216 469 1216 488 1164 490
