word 480 98 834 104 829 193 477 181
word 86 238 205 245 201 274 84 267
word 242 260 403 269 401 291 242 284
word 652 266 762 266 762 294 655 293
word 801 274 849 276 848 297 800 295
word 134 295 220 298 218 326 135 321
word 320 304 407 307 407 332 320 326
word 508 312 594 315 594 340 508 336
word 874 329 994 328 994 356 876 353
word 1062 333 1191 343 1191 366 1060 356
word 404 846 679 862 674 887 403 871
word 67 626 153 631 152 657 66 653
word 358 650 534 659 534 686 355 676
word 1051 680 1155 683 1155 708 1051 704
word 103 360 260 367 258 391 100 380
word 287 367 325 369 325 390 286 390
word 480 374 634 380 631 433 476 428
word 891 393 987 397 986 417 891 414
word 1131 402 1221 402 1221 428 1133 424
