word 596 39 1028 56 1023 170 594 148
word 91 227 253 229 250 263 86 256
word 297 249 494 259 492 295 294 283
word 809 254 938 256 936 288 806 280
word 992 271 1064 273 1060 304 994 300
word 165 292 277 295 275 327 167 320
word 401 305 506 307 504 332 399 327
word 633 310 738 312 736 344 633 341
word 1079 325 1220 332 1218 368 1077 361
word 1304 340 1452 348 1452 381 1302 373
word 513 963 842 975 839 994 511 994
word 97 707 203 709 203 739 96 737
word 445 727 599 736 596 768 442 758
word 1272 768 1397 773 1397 800 1272 792
word 126 375 325 381 321 409 121 402
word 358 381 406 383 404 414 358 410
word 592 387 782 397 779 448 591 443
word 1092 415 1208 419 1206 446 1091 443
word 1385 433 1485 436 1485 463 1383 458
