word 2327 333 3380 250 3363 527 2339 609
word 1057 750 1463 786 1463 862 1057 844
word 1574 780 2086 821 2086 903 1568 874
word 2874 833 3157 780 3163 868 2886 915
word 3274 750 3415 733 3415 821 3286 833
word 1204 950 1533 956 1527 1033 1210 1021
word 1839 980 2151 986 2151 1050 1833 1050
word 2410 986 2721 974 2721 1062 2421 1074
word 3533 915 3886 921 3886 1009 3545 997
word 4092 944 4474 956 4463 1033 4092 1027
word 2145 2703 3027 2715 3027 2803 2133 2791
word 986 2027 1298 2015 1292 2097 992 2103
word 1945 2027 2510 2033 2510 2127 1951 2115
word 4110 2068 4427 2050 4427 2138 4115 2138
word 1092 1091 1639 1121 1633 1186 1092 1162
word 1080 1227 1633 1256 1627 1321 1080 1297
word 1068 1362 1615 1380 1615 1456 1068 1427
word 1715 1133 1845 1133 1845 1197 1721 1197
word 1715 1256 1898 1262 1892 1333 1710 1321
word 1704 1391 1892 1397 1886 1462 1704 1462
word 2327 1150 2757 1156 2757 1291 2321 1286
word 2292 1274 2668 1274 2668 1368 2292 1362
word 2304 1409 2698 1409 2704 1503 2304 1491
word 3568 1109 3845 1121 3845 1191 3574 1180
word 3563 1238 3845 1256 3845 1321 3563 1309
word 3557 1391 3851 1403 3851 1462 3551 1456
word 4289 1157 4529 1157 4529 1222 4284 1217
word 4359 1292 4544 1292 4544 1352 4354 1352
word 4389 1427 4569 1427 4569 1502 4389 1502
