word 581 34 1016 44 1009 150 574 138
word 84 231 233 229 231 263 81 263
word 277 251 474 253 474 283 274 278
word 799 244 925 247 926 277 799 273
word 977 251 1045 253 1045 278 974 275
word 150 300 258 300 257 331 150 331
word 377 309 494 305 494 331 377 334
word 616 307 726 307 726 339 618 336
word 1065 316 1216 317 1216 353 1064 346
word 1292 324 1450 329 1450 363 1292 355
word 513 965 842 966 842 1002 513 994
word 92 716 199 714 199 750 92 748
word 431 727 526 727 525 760 431 758
word 1265 743 1397 744 1397 773 1264 766
word 108 382 304 382 301 409 108 407
word 335 382 384 382 384 407 338 407
word 568 380 763 383 763 438 567 434
word 1077 399 1196 400 1194 429 1075 429
word 1371 405 1477 410 1474 434 1367 431
