word 1233 648 1958 648 1958 827 1222 820
word 379 977 651 970 651 1030 379 1030
word 676 1012 1022 1016 1022 1077 672 1066
word 1601 984 1822 984 1822 1030 1601 1030
word 1858 998 1943 998 1940 1041 1861 1045
word 508 1091 683 1091 683 1137 508 1141
word 897 1087 1101 1091 1101 1134 901 1137
word 1290 1091 1479 1087 1479 1145 1293 1145
word 2051 1098 2297 1087 2301 1148 2058 1152
word 2436 1087 2718 1087 2718 1148 2440 1148
word 1115 2248 1711 2241 1711 2302 1111 2309
word 368 1816 558 1809 561 1866 361 1873
word 933 1827 1186 1820 1186 1870 929 1880
word 2404 1820 2636 1812 2636 1859 2404 1870
word 361 1223 722 1223 722 1277 358 1277
word 772 1227 854 1223 858 1277 779 1277
word 1179 1227 1522 1223 1526 1334 1183 1334
word 2033 1234 2240 1227 2240 1287 2043 1291
word 2546 1234 2728 1227 2728 1280 2553 1280
