word 991 138 1628 147 1631 327 985 312
word 202 467 448 458 445 510 205 515
word 508 487 831 498 834 547 508 535
word 1319 478 1505 472 1508 518 1322 527
word 1568 498 1688 495 1688 550 1574 552
word 302 567 485 564 485 612 299 612
word 682 572 865 570 865 618 682 621
word 1059 570 1222 567 1225 615 1065 621
word 1708 575 1934 564 1939 610 1714 621
word 2059 567 2271 567 2268 607 2062 607
word 919 1592 1428 1564 1428 1604 919 1638
word 237 1232 399 1227 402 1278 237 1278
word 782 1241 1111 1241 1111 1295 782 1290
word 2034 1230 2214 1221 2217 1264 2039 1272
word 231 695 565 698 565 744 234 738
word 231 781 565 784 565 821 234 824
word 617 701 725 701 725 741 611 738
word 622 787 699 787 697 824 617 821
word 988 710 1231 710 1234 764 982 758
word 985 790 1282 787 1285 872 988 875
word 1731 724 1905 715 1905 761 1731 767
word 1734 798 1902 795 1905 838 1734 841
word 2233 727 2315 724 2313 758 2233 761
word 2164 804 2313 801 2315 835 2164 838
