word 1526 17 2767 8 2758 295 1503 208
word 8 385 417 390 412 499 0 490
word 489 481 1126 522 1117 599 476 554
word 2167 526 2548 526 2548 626 2171 617
word 2621 576 2762 572 2762 654 2617 654
word 153 590 489 604 480 676 144 667
word 908 631 1253 640 1244 735 908 708
word 1635 685 1967 699 1948 795 1626 772
word 2967 740 3380 749 3376 822 2971 808
word 3621 758 4003 767 4017 863 3617 845
word 1267 2767 2367 2745 2367 2817 1267 2845
word 12 1904 171 1908 148 2026 3 2026
word 935 1976 1380 1981 1380 2090 935 2076
word 3603 1995 3971 1981 3976 2072 3617 2081
word 17 835 558 872 544 949 17 922
word 14 1016 550 1038 537 1111 13 1098
word 653 872 812 876 803 954 639 949
word 658 1040 871 1040 871 1117 653 1108
word 1430 917 2017 949 2017 1108 1430 1072
word 1408 1076 1917 1099 1917 1185 1412 1158
word 2944 972 3267 972 3271 1049 2944 1045
word 2958 1122 3271 1126 3280 1195 2958 1199
word 3778 999 4060 1004 4065 1081 3787 1072
word 3915 1149 4083 1145 4087 1226 3919 1226
