word 982 49 1724 47 1724 239 978 247
word 140 416 390 416 390 472 136 475
word 471 439 815 441 813 491 469 493
word 1365 414 1594 410 1596 460 1367 464
word 1678 418 1763 416 1765 462 1682 464
word 257 535 428 533 430 591 249 593
word 655 535 846 531 840 579 648 585
word 1055 533 1249 533 1240 583 1053 583
word 1844 520 2086 525 2086 581 1840 579
word 2232 525 2494 525 2496 575 2238 583
word 182 675 517 668 517 716 178 720
word 578 662 667 668 667 716 578 716
word 998 668 1148 668 1144 718 986 714
word 1859 670 2069 666 2067 716 1859 714
word 2386 670 2555 662 2559 708 2382 708
word 165 1266 334 1264 342 1320 165 1325
word 759 1277 1021 1277 1024 1329 753 1331
word 2228 1270 2438 1268 2436 1320 2228 1318
word 903 1699 1474 1687 1476 1747 899 1754
