word 1585 358 2658 367 2653 649 1576 626
word 335 858 708 863 712 945 330 940
word 798 899 1303 908 1303 972 798 967
word 2121 876 2448 881 2448 949 2121 945
word 2535 890 2717 890 2717 963 2535 963
word 508 1026 780 1022 780 1095 508 1099
word 1094 1035 1376 1031 1376 1108 1098 1108
word 1689 1040 1962 1040 1962 1117 1689 1113
word 2789 1045 3158 1045 3158 1131 2803 1135
word 3344 1049 3739 1045 3744 1131 3348 1126
word 1439 2676 2285 2681 2285 2749 1439 2740
word 367 2067 630 2058 639 2154 367 2158
word 1210 2085 1765 2090 1765 2158 1210 2149
word 3285 2081 3562 2081 3562 2140 3289 2140
word 353 1222 871 1231 867 1295 362 1285
word 364 1349 869 1363 864 1426 360 1417
word 362 1489 862 1489 862 1548 362 1548
word 362 1617 871 1617 867 1676 367 1681
word 367 1758 876 1758 871 1822 367 1822
word 962 1222 1135 1222 1135 1295 958 1295
word 958 1363 1344 1363 1344 1426 962 1426
word 948 1485 1139 1490 1135 1558 944 1554
word 953 1613 1294 1617 1294 1695 948 1690
word 958 1754 1239 1749 1239 1826 962 1826
word 1553 1226 1894 1222 1894 1313 1553 1304
word 1558 1367 2012 1367 2012 1435 1558 1426
word 1544 1490 2080 1490 2080 1617 1548 1613
word 1544 1631 2021 1622 2026 1695 1548 1695
word 1548 1749 1994 1749 1994 1831 1548 1822
word 2808 1249 3076 1249 3076 1308 2803 1313
word 2803 1376 3076 1381 3071 1435 2803 1435
word 2798 1508 3071 1504 3071 1563 2798 1572
word 2803 1640 3067 1635 3067 1690 2798 1695
word 2798 1767 3076 1763 3080 1826 2803 1826
word 3587 1254 3787 1245 3792 1317 3592 1317
word 3596 1381 3801 1381 3796 1445 3605 1440
word 3546 1508 3792 1504 3792 1576 3546 1576
word 3583 1640 3774 1635 3774 1685 3583 1695
word 3583 1772 3769 1772 3774 1826 3583 1826
