word 945 344 1605 372 1608 518 951 492
word 134 595 379 604 379 644 128 644
word 542 632 879 638 877 698 542 684
word 1297 652 1499 658 1497 701 1299 698
word 1648 664 1734 664 1734 707 1651 710
word 237 698 419 701 417 761 239 752
word 628 712 817 721 817 775 628 761
word 1011 735 1199 744 1194 792 1014 784
word 1711 758 1945 764 1945 810 1711 801
word 2051 767 2282 770 2285 818 2054 812
word 817 1847 1402 1835 1405 1898 811 1907
word 51 1398 248 1387 239 1458 48 1452
word 778 1407 1150 1404 1150 1467 776 1458
word 2177 1427 2394 1412 2397 1461 2182 1470
word 245 821 579 832 579 870 242 864
word 228 910 582 921 574 964 231 955
word 639 830 717 838 714 887 639 881
word 637 915 751 927 745 970 625 964
word 1028 850 1339 858 1337 938 1024 930
word 1027 927 1279 938 1279 995 1019 984
word 1825 878 1994 881 1994 921 1828 918
word 1828 961 1997 961 1997 998 1828 998
word 2245 892 2376 890 2376 938 2251 938
word 2353 976 2424 974 2425 1008 2351 1013
