word 1340 209 2158 316 2151 548 1329 452
word 272 659 568 655 572 712 268 720
word 661 670 1111 680 1108 741 661 730
word 1740 730 1993 737 1993 795 1743 784
word 2093 741 2233 741 2233 798 2093 798
word 393 795 618 787 618 870 397 873
word 890 798 1140 805 1136 870 893 862
word 1418 837 1654 841 1661 902 1422 898
word 2261 884 2558 877 2561 952 2265 948
word 2708 895 2997 898 3001 966 2711 959
word 1161 2330 1833 2252 1829 2312 1172 2398
word 279 1702 483 1716 483 1795 286 1780
word 1001 1748 1397 1755 1393 1827 1004 1823
word 2679 1734 2890 1723 2893 1784 2683 1787
word 329 959 729 966 722 1030 322 1016
word 327 1077 720 1084 720 1145 320 1130
word 793 959 904 970 901 1027 793 1020
word 790 1084 947 1084 943 1152 790 1141
word 1333 977 1722 1005 1722 1120 1329 1095
word 1326 1109 1640 1102 1647 1177 1329 1166
word 2311 1041 2533 1037 2529 1098 2308 1095
word 2301 1148 2529 1152 2533 1195 2297 1195
word 2862 1055 3066 1055 3055 1109 2862 1105
word 2937 1166 3052 1162 3055 1209 2937 1212
