word 983 46 1739 46 1733 249 977 243
word 133 393 397 390 397 458 136 455
word 518 435 856 432 856 490 515 485
word 1374 408 1597 405 1597 458 1371 458
word 1727 420 1847 417 1847 467 1727 467
word 253 517 447 514 442 582 253 579
word 644 514 853 514 847 570 650 570
word 1065 529 1247 526 1244 573 1068 573
word 1839 514 2097 508 2103 579 1839 579
word 2236 526 2500 523 2497 579 2239 576
word 897 1688 1468 1682 1471 1732 897 1735
word 150 1252 342 1252 342 1317 150 1317
word 797 1264 1103 1264 1103 1346 803 1332
word 2250 1258 2486 1255 2489 1314 2250 1314
word 221 661 565 664 565 708 218 708
word 224 761 562 761 562 808 224 805
word 621 661 744 658 742 711 621 708
word 624 755 712 752 709 802 618 802
word 1033 664 1294 658 1292 717 1030 720
word 1030 752 1374 752 1377 852 1027 851
word 1918 670 2106 667 2106 705 1918 708
word 1909 758 2106 755 2109 802 1909 805
word 2506 669 2606 669 2606 710 2509 708
word 2421 759 2606 754 2604 805 2421 800
