word 525 104 829 109 828 184 521 179
word 194 240 291 240 291 263 193 264
word 314 252 456 252 456 277 314 273
word 681 248 770 248 770 266 679 267
word 800 249 852 249 851 269 801 270
word 234 287 307 286 307 309 235 308
word 389 288 472 287 469 314 387 312
word 556 295 634 291 632 318 553 317
word 869 290 970 288 970 315 870 317
word 1021 297 1138 297 1138 318 1018 318
word 476 759 720 756 720 783 477 781
word 176 574 258 576 256 604 174 602
word 420 584 551 587 549 607 422 604
word 1018 588 1101 588 1103 611 1018 607
word 198 340 332 340 334 360 196 359
word 197 379 332 379 332 397 196 397
word 358 340 391 339 391 360 356 362
word 356 379 407 380 407 395 356 398
word 521 343 660 343 662 380 521 380
word 520 379 629 379 631 404 522 400
word 877 348 957 348 957 363 877 363
word 873 384 956 384 956 402 872 402
word 1079 350 1158 349 1157 369 1079 370
word 1114 390 1155 388 1154 405 1113 407
