word 846 1 1614 3 1607 166 853 175
word 0 327 237 324 239 387 0 375
word 346 352 695 359 688 406 344 401
word 1251 336 1476 336 1472 394 1239 389
word 1576 348 1693 345 1702 392 1576 394
word 102 441 286 438 288 492 100 489
word 509 443 702 445 704 501 497 494
word 930 450 1111 450 1116 496 923 499
word 1730 457 1976 457 1981 513 1725 510
word 2125 464 2404 466 2407 520 2127 517
word 41 578 386 575 388 627 44 624
word 453 578 532 582 537 629 441 629
word 865 578 1034 582 1032 634 865 634
word 1758 589 1962 587 1962 636 1755 641
word 2290 592 2469 587 2467 643 2290 648
word 7 1141 181 1148 181 1201 0 1206
word 627 1162 790 1162 795 1215 627 1224
word 2132 1173 2339 1178 2337 1229 2127 1224
word 739 1569 1334 1580 1330 1627 741 1620
