word 524 102 842 121 838 204 527 193
word 98 263 222 264 221 294 94 290
word 251 281 428 284 428 308 251 307
word 673 290 779 286 779 309 672 314
word 805 293 866 287 867 311 810 315
word 155 324 246 325 246 352 153 350
word 355 328 453 328 452 355 358 353
word 556 333 639 338 636 364 553 357
word 889 342 1005 338 1005 364 887 366
word 1058 336 1170 339 1169 367 1060 364
word 473 895 722 860 722 888 476 921
word 112 680 198 680 200 704 114 704
word 394 693 546 691 546 714 393 715
word 1045 667 1136 660 1135 684 1049 690
word 105 397 276 398 273 419 107 418
word 307 395 349 395 350 417 308 419
word 515 398 655 404 653 445 517 443
word 893 402 983 401 983 422 893 425
word 1107 400 1189 400 1188 421 1110 421
