word 1002 435 1614 410 1622 561 1008 581
word 279 750 508 735 511 787 285 801
word 562 772 857 755 857 801 562 815
word 1331 715 1517 704 1517 744 1334 752
word 1574 698 1642 692 1642 732 1579 735
word 391 838 548 832 551 881 391 887
word 731 830 908 818 911 864 739 878
word 1079 818 1237 807 1245 850 1079 861
word 1708 798 1925 770 1925 824 1714 841
word 2037 775 2259 772 2262 812 2039 824
word 991 1770 1465 1732 1465 1775 988 1810
word 337 1458 497 1447 494 1495 342 1504
word 845 1438 1074 1415 1077 1455 845 1481
word 2042 1350 2188 1338 2194 1375 2051 1390
word 322 975 625 958 625 995 325 1012
word 671 950 779 941 782 987 677 995
word 1017 927 1211 912 1214 955 1017 970
word 1733 884 1893 872 1896 910 1736 924
word 2190 855 2298 847 2298 890 2195 898
