word 1268 462 2061 462 2061 655 1261 655
word 361 841 633 837 633 898 354 898
word 701 887 1083 884 1086 945 701 945
word 1679 841 1918 834 1918 887 1686 891
word 2001 866 2140 859 2140 912 2008 920
word 476 959 679 955 679 1016 476 1016
word 911 962 1118 959 1118 1016 918 1016
word 1333 962 1551 962 1551 1012 1343 1016
word 2187 955 2454 948 2458 998 2180 1002
word 2593 955 2915 955 2918 1005 2601 1005
word 1165 2195 1793 2191 1793 2255 1165 2252
word 372 1727 565 1727 565 1795 376 1795
word 1008 1759 1340 1762 1340 1830 1004 1830
word 2601 1766 2847 1759 2847 1823 2604 1823
word 393 1123 761 1123 761 1173 390 1170
word 826 1130 915 1127 911 1180 829 1180
word 1268 1127 1626 1123 1626 1220 1268 1220
word 2201 1123 2433 1120 2436 1170 2201 1177
word 2773 1116 2977 1123 2980 1177 2780 1177
