word 577 27 1006 26 1001 132 567 131
word 77 237 223 234 223 270 74 273
word 274 254 481 249 482 283 274 283
word 794 234 928 231 928 265 794 265
word 987 234 1058 231 1058 259 989 263
word 143 305 252 302 248 339 143 337
word 374 305 496 303 492 332 374 331
word 608 307 725 302 728 336 608 337
word 1070 303 1216 298 1218 326 1070 331
word 1299 302 1460 300 1460 332 1301 329
word 525 988 860 981 860 1012 525 1017
word 91 736 192 732 192 768 89 771
word 442 739 635 737 635 773 443 771
word 1306 729 1438 726 1438 751 1306 753
word 109 390 303 388 303 412 108 414
word 348 385 455 385 452 414 345 412
word 584 380 720 380 718 415 581 414
word 1099 378 1216 376 1216 405 1103 405
word 1400 375 1509 372 1507 401 1401 402
