word 602 138 946 122 949 203 606 217
word 209 310 334 308 334 333 209 340
word 351 317 516 313 516 340 353 343
word 785 296 888 290 888 315 785 319
word 913 294 960 290 960 317 918 320
word 265 359 355 355 355 390 269 390
word 451 355 544 350 542 376 453 382
word 638 350 734 343 734 373 642 375
word 1006 336 1132 333 1132 362 1009 364
word 1193 331 1320 329 1320 359 1192 357
word 576 883 849 876 849 901 576 908
word 232 698 314 692 316 722 235 729
word 490 696 634 692 634 724 492 726
word 1174 685 1279 678 1279 708 1178 712
word 220 426 374 420 374 441 221 445
word 218 469 381 464 381 487 220 490
word 406 422 462 419 459 441 406 447
word 404 464 448 464 448 485 404 485
word 595 419 721 415 721 438 593 443
word 592 461 769 457 771 499 597 506
word 1006 410 1102 406 1102 429 1009 433
word 1007 455 1100 452 1102 473 1007 476
word 1289 403 1338 399 1340 429 1291 431
word 1243 441 1335 438 1336 466 1247 469
