word 1190 505 1961 520 1958 705 1179 691
word 272 841 561 848 554 912 268 916
word 626 884 1004 887 1001 945 626 934
word 1579 870 1815 866 1815 927 1579 930
word 1911 880 2036 877 2036 934 1908 934
word 390 970 586 970 586 1030 386 1027
word 818 977 1036 973 1036 1027 822 1030
word 1254 980 1454 980 1454 1048 1254 1041
word 2065 987 2340 995 2336 1052 2065 1045
word 2468 987 2758 991 2754 1055 2468 1045
word 1047 2202 1690 2205 1690 2262 1047 2259
word 258 1737 447 1737 447 1795 261 1798
word 911 1745 1326 1748 1326 1805 908 1805
word 2454 1759 2704 1755 2704 1812 2454 1809
word 318 1105 683 1112 676 1166 311 1155
word 315 1205 676 1205 676 1262 315 1262
word 740 1112 829 1112 826 1166 740 1166
word 743 1212 879 1212 876 1262 736 1259
word 1176 1120 1536 1127 1536 1230 1176 1220
word 1168 1212 1472 1212 1472 1273 1168 1270
word 2097 1134 2297 1134 2293 1177 2097 1177
word 2090 1223 2293 1227 2293 1277 2090 1277
word 2627 1141 2809 1141 2812 1180 2627 1184
word 2705 1237 2834 1237 2830 1284 2702 1284
