word 472 97 804 107 800 187 472 179
word 83 242 204 243 204 270 83 267
word 231 257 400 262 401 290 229 283
word 641 260 738 262 738 283 642 280
word 769 264 827 264 824 287 770 286
word 141 295 222 297 222 321 141 319
word 321 297 411 300 411 325 321 324
word 504 305 589 304 590 329 504 333
word 845 311 955 314 955 338 843 336
word 1011 317 1132 318 1129 345 1012 342
word 425 801 677 801 677 825 425 826
word 93 617 174 617 174 642 93 642
word 360 622 527 622 527 648 360 646
word 987 629 1090 628 1090 646 989 646
word 97 356 253 359 255 379 98 376
word 281 360 321 362 321 381 281 380
word 467 362 617 364 616 409 467 407
word 851 371 931 371 929 394 849 394
word 1060 376 1151 376 1151 398 1060 397
