word 297 36 469 30 468 77 295 80
word 82 117 149 118 150 131 80 132
word 167 131 257 130 256 145 166 144
word 387 122 436 117 435 129 387 135
word 453 121 477 119 477 133 453 133
word 111 145 159 145 159 160 111 159
word 213 148 261 147 262 160 214 159
word 314 147 363 147 362 160 315 160
word 499 142 562 141 561 155 499 156
word 588 144 648 147 649 158 588 157
word 270 430 410 427 411 442 271 443
word 85 325 131 324 131 340 85 341
word 240 331 304 329 304 344 241 345
word 592 330 636 326 636 337 593 341
word 92 184 179 184 179 195 93 195
word 91 208 180 206 180 218 91 219
word 195 185 216 184 216 196 195 196
word 197 207 226 208 225 222 194 220
word 296 183 386 181 385 204 295 207
word 294 206 355 206 356 220 294 219
word 504 181 554 180 553 190 504 193
word 504 204 553 202 554 215 506 217
word 622 181 659 180 659 191 623 192
word 634 204 658 203 658 215 634 215
