word 1525 297 2453 210 2457 437 1516 524
word 480 760 798 747 803 819 471 833
word 857 778 1303 760 1298 837 848 851
word 1989 692 2289 656 2294 724 1998 756
word 2380 674 2534 656 2539 706 2384 728
word 612 901 839 887 844 960 612 969
word 1107 887 1344 865 1344 919 1112 947
word 1598 865 1844 833 1844 901 1598 924
word 2612 769 2966 710 2975 792 2630 837
word 3180 724 3584 660 3598 719 3198 783
word 1348 2360 2153 2351 2157 2424 1344 2424
word 471 1801 680 1792 675 1865 466 1869
word 1168 1801 1572 1792 1568 1869 1163 1874
word 3204 1751 3559 1715 3563 1792 3222 1815
word 498 1069 916 1051 912 1119 503 1128
word 494 1183 907 1174 907 1237 498 1242
word 984 1051 1148 1042 1148 1101 989 1110
word 989 1165 1089 1160 1084 1224 989 1224
word 1484 1024 1857 997 1862 1074 1484 1092
word 1480 1142 1916 1110 1921 1242 1494 1256
word 2648 951 2921 924 2925 978 2653 1006
word 2660 1074 2924 1047 2928 1110 2665 1137
word 3519 874 3701 856 3701 924 3528 942
word 3410 1006 3691 978 3701 1047 3423 1074
