word 498 133 807 132 810 208 497 209
word 155 279 259 280 259 298 153 302
word 287 295 428 294 429 317 284 315
word 658 281 752 276 751 300 658 301
word 779 286 839 284 838 302 780 305
word 200 326 274 325 274 346 201 346
word 366 326 442 325 442 346 366 346
word 531 325 612 325 612 348 532 348
word 848 326 963 322 965 345 848 346
word 1015 322 1139 321 1139 348 1017 348
word 463 797 703 797 704 819 462 818
word 163 618 235 618 236 643 163 643
word 400 628 527 628 527 652 401 653
word 1011 629 1104 629 1104 653 1010 650
word 163 387 308 387 308 405 165 405
word 329 384 366 384 366 407 329 404
word 494 384 634 384 634 428 497 425
word 859 386 942 384 941 405 860 407
word 1078 383 1155 381 1157 405 1079 405
