word 1910 215 3110 191 3115 480 1904 497
word 563 774 992 768 998 886 563 897
word 1092 827 1645 827 1645 921 1092 915
word 2527 768 2898 762 2898 856 2521 856
word 3015 833 3221 821 3215 915 3021 915
word 744 957 1051 944 1045 1044 744 1052
word 1380 962 1704 962 1704 1033 1386 1033
word 2021 956 2339 944 2333 1050 2010 1056
word 3304 944 3715 938 3727 1027 3304 1033
word 3968 938 4421 927 4421 1009 3968 1015
word 1751 2815 2680 2838 2674 2927 1739 2897
word 580 2103 863 2103 863 2191 574 2197
word 1486 2138 1986 2150 1986 2262 1480 2244
word 3910 2227 4310 2233 4310 2327 3910 2309
word 627 1174 1157 1180 1157 1262 627 1256
word 1245 1186 1568 1186 1568 1262 1257 1262
word 1898 1191 2274 1197 2268 1297 1892 1286
word 3315 1238 3657 1233 3657 1309 3321 1315
word 4204 1242 4504 1242 4514 1312 4204 1317
