word 481 132 798 132 797 211 483 208
word 115 283 229 279 228 305 117 307
word 243 293 396 295 397 318 242 315
word 644 280 743 280 741 305 643 305
word 759 288 801 286 801 312 760 312
word 163 329 243 329 242 352 162 352
word 339 332 425 329 425 350 338 352
word 510 331 597 328 597 357 512 356
word 848 333 952 331 952 353 845 353
word 1008 332 1127 329 1128 352 1011 355
word 441 822 691 818 691 840 442 845
word 117 639 198 636 198 663 117 664
word 360 645 438 645 438 671 359 670
word 993 642 1089 639 1090 667 991 667
word 114 390 267 391 266 414 111 411
word 291 388 324 388 324 409 291 411
word 463 390 612 390 611 432 465 431
word 839 394 925 394 925 411 836 412
word 1055 391 1133 391 1133 411 1054 412
