word 592 80 927 68 928 147 593 155
word 225 248 341 240 341 269 225 278
word 360 240 521 234 521 261 365 264
word 772 226 872 220 874 245 772 248
word 900 224 946 220 946 241 906 243
word 272 296 355 290 356 317 274 322
word 444 290 539 285 539 306 446 312
word 630 280 713 273 713 301 630 306
word 981 273 1093 266 1095 287 981 294
word 1155 262 1274 257 1276 283 1156 285
word 578 790 842 783 841 806 579 817
word 242 615 323 610 325 636 244 643
word 502 606 607 605 606 629 502 631
word 1153 585 1258 582 1258 612 1156 615
word 244 348 395 343 395 362 242 366
word 241 387 394 383 394 405 241 408
word 418 341 454 341 453 364 418 362
word 418 382 472 378 474 401 420 405
word 599 336 749 327 752 371 600 378
word 599 376 723 371 725 398 602 403
word 992 329 1079 324 1081 347 995 350
word 993 369 1083 364 1085 383 997 389
word 1212 320 1300 317 1300 341 1214 345
word 1252 361 1298 357 1298 383 1252 385
