word 1183 159 2008 137 2022 341 1190 348
word 179 545 504 530 504 620 179 623
word 596 576 1003 576 1006 641 603 637
word 1622 552 1876 548 1876 598 1622 609
word 1986 537 2133 523 2136 580 1993 598
word 326 684 543 680 543 748 336 748
word 797 680 1026 677 1026 734 801 737
word 1276 680 1490 680 1490 741 1272 734
word 2151 662 2458 648 2458 709 2151 720
word 2615 645 2918 634 2918 695 2622 702
word 1090 1998 1779 1970 1783 2037 1086 2066
word 197 1520 418 1512 422 1584 197 1587
word 958 1516 1572 1498 1576 1562 958 1584
word 2633 1462 2904 1448 2904 1498 2633 1516
word 265 848 665 841 665 891 268 898
word 268 962 668 952 668 1005 268 1012
word 740 837 886 837 883 891 743 891
word 743 948 847 945 843 998 743 1002
word 1222 834 1515 827 1518 877 1222 884
word 1222 937 1597 923 1601 1027 1229 1037
word 2215 809 2443 798 2447 848 2215 859
word 2218 916 2440 905 2443 952 2222 962
word 2902 777 3020 770 3030 823 2905 830
word 2809 887 3027 880 3027 930 2816 937
