word 1183 555 1933 516 1940 716 1186 741
word 347 945 611 934 611 998 343 1009
word 676 962 1026 945 1036 1002 683 1016
word 1583 902 1804 891 1808 941 1590 952
word 1886 891 2015 873 2018 941 1901 955
word 465 1055 661 1045 665 1112 465 1120
word 868 1045 1065 1030 1068 1084 868 1098
word 1268 1034 1461 1020 1465 1070 1276 1080
word 2065 995 2322 977 2329 1041 2072 1055
word 2468 977 2776 959 2776 1027 2476 1037
word 1154 2155 1740 2145 1743 2198 1154 2209
word 422 1762 604 1752 608 1809 429 1816
word 1004 1755 1604 1737 1608 1798 1008 1812
word 2472 1705 2718 1702 2722 1759 2472 1759
word 404 1202 747 1187 747 1234 404 1248
word 808 1184 997 1173 1001 1220 804 1230
word 1201 1166 1436 1155 1443 1205 1208 1216
word 2086 1130 2286 1120 2290 1166 2086 1180
word 2605 1102 2816 1091 2816 1148 2612 1155
