word 412 310 816 298 816 487 412 494
word 47 698 227 683 227 744 43 760
word 239 714 393 690 389 737 250 764
word 624 660 758 648 754 710 624 717
word 774 637 850 637 843 690 777 683
word 120 814 239 798 243 860 131 867
word 304 802 397 790 397 844 304 852
word 450 783 574 771 570 837 450 844
word 835 764 950 760 947 814 831 814
word 989 764 1139 760 1135 814 993 814
word 393 1952 716 1929 716 1987 393 1998
word 81 1544 193 1537 197 1590 81 1602
word 358 1533 604 1506 604 1564 358 1579
word 989 1479 1124 1471 1120 1533 985 1529
word 93 948 277 929 277 979 97 998
word 93 1048 281 1025 281 1067 97 1090
word 287 926 320 927 320 968 286 972
word 289 1020 343 1017 343 1060 291 1059
word 439 910 608 898 620 994 431 1002
word 420 1006 577 990 577 1052 420 1060
word 854 887 939 879 939 921 850 929
word 850 975 935 971 931 1021 847 1021
word 1060 875 1179 867 1176 906 1060 921
word 1116 961 1166 959 1167 1006 1114 1005
