word 1243 334 2065 341 2061 541 1229 527
word 286 691 568 691 568 762 279 752
word 636 691 1022 702 1015 766 633 755
word 1651 723 1908 720 1908 777 1654 780
word 1983 695 2122 695 2126 752 1983 752
word 401 820 615 823 608 887 401 880
word 847 830 1072 834 1065 880 847 884
word 1304 841 1518 834 1515 898 1308 902
word 2186 845 2486 841 2483 909 2183 905
word 2640 859 2972 859 2972 909 2640 909
word 1065 2145 1751 2159 1743 2230 1058 2216
word 240 1623 436 1627 436 1684 240 1684
word 915 1627 1351 1634 1347 1695 915 1684
word 2615 1666 2883 1666 2886 1727 2618 1723
word 311 941 683 945 679 998 297 987
word 290 1045 683 1045 683 1105 290 1098
word 743 948 883 952 879 995 743 995
word 743 1052 840 1052 826 1116 740 1109
word 1204 952 1504 955 1501 1020 1204 1009
word 1201 1059 1572 1062 1568 1180 1201 1162
word 2190 970 2422 970 2418 1020 2186 1020
word 2186 1080 2418 1077 2418 1127 2190 1123
word 2898 980 3005 980 3005 1023 2902 1023
word 2798 1073 3009 1077 3009 1127 2795 1127
