word 448 100 790 87 790 173 449 179
word 70 274 184 267 184 295 69 304
word 204 284 362 277 363 302 204 312
word 629 259 734 253 734 279 629 283
word 758 260 815 256 817 277 760 280
word 121 326 203 322 201 349 121 352
word 303 321 387 317 384 336 304 340
word 491 317 574 311 576 338 494 342
word 843 305 966 297 965 324 843 328
word 1025 298 1156 290 1156 314 1028 322
word 436 832 696 825 696 850 436 859
word 94 653 176 649 177 674 94 677
word 356 657 493 653 493 674 359 680
word 1015 632 1120 626 1121 650 1018 652
word 84 395 235 387 235 408 83 415
word 259 388 298 387 298 405 259 409
word 445 380 604 374 605 419 448 426
word 845 369 935 364 938 387 846 390
word 1083 359 1169 352 1168 374 1085 380
