word 1290 227 2118 230 2115 437 1283 420
word 322 595 622 598 618 666 315 662
word 658 627 1036 637 1029 684 651 677
word 1711 627 1961 623 1961 680 1708 677
word 1997 627 2129 627 2126 677 1993 677
word 458 737 665 734 668 802 458 802
word 904 745 1136 741 1136 795 908 798
word 1361 748 1576 748 1576 805 1365 805
word 2226 755 2511 755 2511 812 2226 812
word 2647 759 2958 752 2961 820 2651 820
word 1176 2002 1818 1991 1818 2052 1176 2059
word 351 1534 558 1527 561 1605 358 1605
word 972 1548 1326 1534 1322 1595 976 1605
word 2579 1548 2822 1545 2826 1591 2579 1587
word 322 880 711 884 711 934 318 934
word 776 880 861 880 854 945 772 937
word 1236 887 1615 887 1615 991 1240 987
word 2204 898 2411 895 2411 941 2201 948
word 2741 891 2959 891 2962 959 2734 955
