word 582 42 1013 47 1006 153 577 145
word 79 235 230 235 228 270 81 270
word 252 253 453 255 452 286 252 277
word 794 250 930 250 930 281 794 279
word 952 255 999 252 1001 281 955 284
word 147 306 252 306 250 342 148 340
word 384 311 497 311 492 342 381 338
word 620 318 721 318 721 347 614 343
word 1065 320 1211 320 1213 352 1067 350
word 1296 321 1455 323 1455 352 1296 355
word 509 982 840 987 838 1018 506 1011
word 86 731 194 728 194 767 87 767
word 414 742 731 745 731 777 414 770
word 1260 750 1394 750 1396 779 1258 775
word 77 384 281 384 281 413 75 408
word 79 436 277 440 277 462 77 459
word 77 492 275 496 275 523 79 518
word 79 545 279 548 281 572 74 569
word 77 601 277 603 277 628 75 626
word 316 384 381 386 379 409 314 409
word 314 433 467 433 467 474 313 469
word 311 494 430 497 431 523 313 521
word 309 547 443 547 443 575 308 572
word 308 599 428 601 425 631 308 626
word 552 384 769 387 769 443 553 440
word 547 438 736 438 736 481 543 474
word 548 489 731 496 733 533 548 523
word 550 550 742 552 745 587 548 582
word 547 606 679 608 681 636 547 636
word 1064 399 1175 401 1174 421 1064 421
word 1062 453 1170 453 1170 477 1062 475
word 1058 506 1174 509 1175 536 1058 533
word 1060 562 1172 562 1172 587 1060 586
word 1058 618 1169 618 1169 642 1058 642
word 1356 404 1455 404 1456 429 1352 428
word 1368 459 1461 459 1461 489 1365 485
word 1364 513 1458 513 1456 541 1364 540
word 1365 568 1462 567 1459 594 1367 594
word 1341 619 1458 619 1458 647 1341 644
