word 637 187 985 199 981 289 635 276
word 241 340 360 343 358 366 241 364
word 397 357 558 361 558 380 390 378
word 809 357 914 362 914 387 807 382
word 951 361 1014 361 1014 383 951 383
word 286 392 385 394 385 417 286 417
word 478 401 567 401 565 427 478 427
word 662 410 756 410 756 434 662 433
word 1020 419 1142 422 1141 447 1021 441
word 1207 424 1330 427 1330 457 1207 450
word 569 931 841 941 841 962 565 955
word 234 726 321 729 321 755 234 754
word 520 738 679 741 678 771 523 769
word 1195 747 1297 750 1297 773 1195 768
word 256 455 420 461 418 482 255 476
word 255 498 414 501 413 522 255 517
word 439 457 488 461 479 482 441 480
word 441 499 502 503 500 529 439 526
word 632 462 790 468 788 508 632 505
word 625 505 767 515 765 534 623 527
word 1039 473 1125 473 1125 494 1039 494
word 1037 517 1127 519 1128 538 1039 536
word 1268 476 1359 478 1356 505 1270 501
word 1310 519 1359 519 1359 541 1308 540
