word 621 183 967 176 967 264 623 266
word 223 350 351 345 351 373 227 378
word 379 366 546 364 546 392 378 390
word 799 343 906 340 906 362 800 368
word 937 354 983 352 985 375 939 376
word 283 401 364 398 365 424 281 424
word 467 399 558 394 558 419 465 420
word 658 401 748 398 749 419 660 422
word 1016 392 1135 389 1137 413 1020 417
word 1199 390 1327 385 1327 419 1202 419
word 585 927 856 922 858 945 586 954
word 241 738 327 734 327 759 241 762
word 520 748 744 743 744 769 521 773
word 1188 740 1300 733 1300 761 1188 764
word 248 476 406 475 406 494 248 498
word 246 517 406 515 407 536 246 540
word 435 475 469 473 465 496 432 496
word 430 515 488 513 488 536 432 536
word 627 466 779 462 778 506 625 513
word 620 508 755 508 758 536 623 540
word 1030 464 1120 462 1121 483 1030 485
word 1028 510 1123 506 1123 527 1030 531
word 1266 461 1349 455 1352 482 1266 487
word 1301 506 1351 503 1351 522 1300 526
