word 635 169 1032 183 1027 283 635 268
word 165 334 314 345 316 378 160 368
word 355 369 551 376 551 406 355 398
word 830 362 955 364 955 392 830 390
word 997 378 1064 378 1062 406 993 406
word 229 405 335 403 335 436 232 436
word 453 405 560 408 558 447 453 438
word 669 419 776 422 774 448 669 447
word 1078 429 1206 426 1207 457 1081 455
word 1274 433 1414 429 1418 462 1278 464
word 574 1019 883 1020 883 1047 576 1047
word 169 794 271 792 272 824 169 826
word 504 810 671 808 671 840 506 838
word 1258 812 1383 810 1383 836 1258 838
word 188 487 383 492 383 512 186 510
word 413 490 456 490 456 522 413 517
word 637 494 809 496 809 547 634 545
word 1090 508 1192 510 1193 529 1088 529
word 1345 508 1440 506 1442 536 1345 538
