word 542 125 839 131 841 202 539 194
word 186 248 298 252 297 277 186 274
word 322 266 462 269 462 291 318 284
word 691 264 786 264 786 287 691 284
word 811 269 846 271 846 288 810 286
word 234 298 318 298 315 325 235 319
word 396 302 484 304 481 326 396 325
word 567 311 649 309 648 329 567 331
word 884 315 980 314 980 332 884 335
word 1038 319 1155 318 1155 336 1039 339
word 483 779 734 781 734 805 484 802
word 179 595 256 595 255 621 180 619
word 425 602 618 608 617 631 425 626
word 1035 617 1128 615 1127 632 1034 633
word 194 352 338 356 335 374 193 369
word 191 390 336 395 336 412 190 408
word 191 428 336 429 335 449 191 448
word 190 466 331 466 329 484 189 483
word 187 504 334 507 334 525 186 522
word 362 357 456 356 459 379 362 377
word 360 395 443 395 443 412 360 412
word 362 433 472 433 472 455 362 453
word 360 470 408 467 407 494 358 490
word 356 505 407 508 407 526 356 525
word 532 359 672 359 673 386 529 383
word 528 397 655 398 655 421 525 417
word 528 433 662 433 663 456 527 455
word 529 471 684 471 683 512 531 508
word 521 511 627 509 628 532 521 531
word 889 369 966 369 966 386 889 387
word 887 405 965 405 967 422 887 424
word 887 442 967 442 969 460 887 462
word 887 480 966 479 967 494 889 497
word 886 515 969 515 969 536 887 535
word 1126 371 1176 367 1179 387 1124 390
word 1121 408 1179 404 1181 422 1120 426
word 1123 446 1179 443 1180 461 1124 463
word 1106 479 1186 476 1185 498 1106 501
word 1131 522 1186 519 1186 536 1133 538
