word 1340 420 2108 370 2118 562 1351 598
word 472 816 743 798 743 859 476 873
word 804 798 1172 780 1172 834 804 852
word 1747 762 1993 745 1993 802 1747 816
word 2061 720 2161 712 2168 773 2065 780
word 590 923 793 909 797 970 587 984
word 997 902 1222 880 1226 962 997 977
word 1436 891 1633 880 1636 923 1440 941
word 2251 855 2522 830 2526 887 2258 909
word 2672 823 2983 805 2993 880 2686 891
word 1279 2109 1915 2087 1918 2148 1279 2162
word 493 1673 683 1666 690 1734 501 1741
word 1101 1645 1383 1634 1383 1687 1104 1698
word 2690 1587 2883 1573 2886 1630 2701 1641
word 515 1037 876 1020 872 1066 508 1077
word 511 1130 868 1116 868 1166 508 1177
word 926 1023 1051 1009 1054 1059 926 1073
word 929 1112 1026 1105 1022 1155 926 1162
word 1340 995 1636 977 1636 1041 1347 1055
word 1358 1102 1708 1080 1715 1177 1368 1195
word 2279 970 2497 952 2497 1002 2279 1016
word 2286 1066 2497 1052 2501 1102 2290 1116
word 2937 941 3037 930 3045 984 2941 991
word 2898 1030 3055 1020 3059 1084 2909 1091
