word 897 224 1659 227 1662 415 897 405
word 34 583 297 574 297 636 28 636
word 400 608 750 605 750 661 400 661
word 1281 577 1512 571 1512 624 1284 627
word 1622 580 1762 577 1762 636 1625 636
word 150 696 343 693 340 746 147 746
word 556 702 753 699 753 740 556 743
word 968 699 1162 696 1156 749 968 746
word 1765 696 2022 693 2022 749 1762 746
word 2165 696 2440 690 2440 746 2172 746
word 784 1821 1378 1830 1378 1880 781 1871
word 34 1408 228 1408 225 1449 31 1446
word 678 1424 993 1427 993 1471 678 1471
word 2172 1415 2400 1415 2400 1474 2175 1471
word 103 833 450 827 450 883 100 880
word 503 830 593 827 590 883 497 877
word 925 824 1265 818 1265 933 923 936
word 1818 827 2022 824 2022 877 1822 880
word 2351 821 2523 818 2523 871 2348 874
