word 466 122 804 109 801 194 463 200
word 97 286 205 280 205 305 97 311
word 243 283 398 280 398 302 242 305
word 635 274 741 271 741 295 634 298
word 784 266 843 263 845 287 784 288
word 145 332 224 329 225 356 146 357
word 317 328 401 328 403 352 315 353
word 496 332 584 326 586 350 496 353
word 852 325 979 318 980 348 853 350
word 1038 321 1184 314 1186 345 1041 345
word 427 843 689 849 690 876 427 867
word 107 650 181 649 181 674 104 673
word 373 652 505 650 504 676 372 673
word 1048 660 1159 660 1159 688 1049 684
word 122 381 267 380 267 407 121 404
word 294 381 331 380 331 402 294 404
word 472 380 622 376 624 422 473 424
word 873 379 972 377 973 398 873 400
word 1126 376 1220 374 1220 397 1126 398
