word 1466 401 2412 428 2416 669 1462 642
word 298 824 662 824 657 901 294 892
word 712 851 1184 865 1175 937 712 919
word 1962 874 2253 878 2253 937 1962 933
word 2316 874 2407 869 2407 924 2316 924
word 444 969 712 969 712 1065 448 1056
word 1007 997 1271 992 1266 1074 1007 1069
word 1557 1019 1798 1015 1798 1078 1553 1074
word 2557 1024 2894 1024 2894 1092 2557 1087
word 3062 1033 3416 1033 3416 1110 3071 1101
word 1303 2524 2094 2519 2089 2597 1303 2606
word 284 1960 530 1956 530 2028 284 2033
word 1071 1960 1489 1956 1489 2024 1075 2028
word 3021 1951 3275 1947 3275 2010 3025 2010
word 294 1142 771 1151 771 1228 284 1219
word 857 1151 1030 1156 1025 1224 857 1224
word 1403 1165 1716 1165 1712 1233 1407 1247
word 2557 1187 2794 1183 2798 1247 2557 1251
word 3214 1192 3446 1192 3446 1251 3214 1247
