word 845 39 1455 44 1457 202 847 190
word 135 327 357 332 357 380 138 373
word 394 349 677 354 677 393 394 393
word 1169 339 1355 337 1355 376 1164 378
word 1396 351 1474 351 1477 390 1399 388
word 240 427 394 427 391 476 238 473
word 569 424 738 427 735 471 569 468
word 913 429 1069 427 1069 473 913 473
word 1560 434 1762 432 1764 483 1555 478
word 1872 434 2108 437 2108 476 1874 478
word 774 1371 1264 1371 1264 1410 772 1412
word 155 1027 306 1024 304 1071 155 1073
word 625 1034 938 1029 943 1076 623 1080
word 1835 1039 2023 1037 2028 1083 1840 1080
word 143 534 430 534 430 578 145 573
word 147 612 435 612 435 656 145 649
word 479 539 579 534 579 576 486 576
word 484 612 547 610 545 654 479 654
word 825 544 1035 546 1047 583 828 583
word 830 619 1113 622 1111 705 828 702
word 1547 554 1713 554 1713 593 1547 593
word 1552 632 1708 629 1711 671 1555 668
word 2034 555 2134 555 2134 596 2034 594
word 1979 632 2119 632 2119 674 1979 672
