word 734 279 1338 275 1346 456 742 460
word 180 644 400 637 400 706 180 714
word 424 668 654 664 654 729 430 737
word 1034 633 1219 625 1223 687 1034 687
word 1300 640 1407 633 1404 683 1300 687
word 288 767 423 760 423 817 288 821
word 519 760 673 744 669 806 519 817
word 792 756 946 744 946 802 796 810
word 1419 740 1638 740 1638 806 1415 802
word 1742 744 2011 744 2015 802 1742 794
word 684 1914 1134 1898 1130 1979 688 1979
word 215 1502 346 1494 346 1552 215 1552
word 607 1494 850 1490 850 1552 600 1556
word 1738 1479 1957 1475 1954 1537 1742 1537
word 254 902 477 898 477 940 254 948
word 254 1002 465 994 465 1037 254 1044
word 496 890 580 890 580 937 500 944
word 496 994 561 994 561 1033 496 1033
word 765 894 961 890 961 944 769 948
word 754 987 1023 975 1027 1071 750 1083
word 1457 883 1619 879 1623 929 1454 929
word 1461 983 1623 979 1623 1029 1461 1029
word 1979 875 2086 875 2082 940 1979 933
word 1894 975 2082 971 2086 1021 1886 1021
