word 988 515 1679 501 1679 670 979 678
word 151 815 411 818 411 870 148 870
word 428 804 754 807 754 855 425 855
word 1337 832 1542 832 1545 878 1331 875
word 1571 795 1691 787 1691 847 1577 844
word 265 927 439 930 437 990 265 987
word 639 921 839 927 828 984 639 978
word 1039 932 1222 924 1222 984 1042 984
word 1782 938 2037 932 2037 987 1788 990
word 2177 941 2462 938 2465 992 2182 990
word 157 1627 334 1627 331 1681 154 1678
word 697 1592 1057 1587 1062 1647 694 1655
word 2119 1601 2328 1601 2328 1650 2119 1652
word 139 1021 468 1021 468 1064 139 1064
word 137 1112 474 1107 474 1152 137 1155
word 528 1021 605 1021 605 1061 531 1064
word 531 1110 642 1107 645 1150 528 1150
word 931 1027 1248 1027 1245 1110 931 1107
word 917 1115 1185 1110 1182 1161 922 1161
word 1748 1027 1942 1027 1939 1061 1745 1061
word 1757 1112 1939 1110 1945 1152 1759 1152
word 2255 1024 2458 1021 2458 1064 2258 1067
word 2350 1121 2464 1118 2467 1155 2353 1158
