word 988 501 1528 484 1539 618 991 638
word 339 798 557 787 559 832 339 847
word 668 792 939 775 939 812 671 832
word 1285 750 1451 738 1454 770 1288 784
word 1566 735 1657 727 1657 755 1571 767
word 445 878 585 864 591 912 448 924
word 745 864 911 850 911 887 748 907
word 1057 841 1205 830 1208 875 1062 887
word 1631 815 1805 792 1811 838 1639 855
word 1894 795 2099 775 2099 821 1899 832
word 997 1718 1442 1667 1448 1712 1005 1761
word 385 1435 537 1421 542 1470 391 1484
word 928 1395 1334 1358 1348 1412 928 1444
word 1991 1298 2154 1284 2157 1330 2002 1341
word 451 975 728 952 731 1001 457 1015
word 459 1050 734 1030 737 1058 459 1078
word 768 955 839 950 839 987 768 992
word 771 1024 865 1015 871 1055 777 1064
word 1074 941 1325 921 1328 981 1085 1007
word 1068 1007 1277 990 1279 1030 1079 1050
word 1711 901 1842 887 1845 918 1714 932
word 1711 964 1848 952 1851 981 1711 995
word 2067 870 2201 861 2201 895 2073 907
word 2118 930 2210 921 2210 958 2121 964
