word 589 24 1021 33 1020 139 586 124
word 96 212 243 216 240 253 92 246
word 286 238 494 241 489 273 281 265
word 806 236 936 238 935 267 803 263
word 987 238 1062 239 1060 273 986 270
word 155 283 262 283 260 322 153 317
word 384 294 501 294 501 317 382 317
word 628 295 731 297 728 331 626 322
word 1077 309 1221 309 1221 343 1077 338
word 1297 311 1472 312 1469 351 1297 343
word 514 961 847 965 847 998 511 998
word 89 702 196 704 196 741 89 736
word 440 721 620 724 621 760 438 756
word 1294 745 1414 745 1414 767 1294 765
word 114 368 313 373 313 402 113 395
word 352 372 401 372 399 402 350 402
word 586 377 777 380 775 446 587 439
word 1094 390 1209 392 1208 422 1092 419
word 1385 393 1496 394 1493 427 1386 423
