word 1265 334 2133 362 2129 584 1254 555
word 222 723 547 730 547 816 215 805
word 708 766 1133 780 1133 837 706 821
word 1711 773 1968 773 1968 834 1708 834
word 2111 780 2261 784 2254 848 2111 848
word 372 870 608 866 608 941 376 945
word 858 877 1104 880 1104 945 861 945
word 1354 895 1568 895 1572 959 1358 962
word 2233 909 2501 909 2501 962 2233 962
word 2636 912 2951 912 2951 977 2636 977
word 1143 2198 1804 2173 1808 2237 1140 2255
word 258 1712 493 1712 497 1795 261 1798
word 1040 1716 1493 1716 1493 1773 1036 1773
word 2668 1720 2890 1720 2893 1759 2672 1759
word 368 1023 779 1030 779 1084 354 1077
word 358 1134 779 1141 779 1195 358 1191
word 847 1037 936 1037 933 1084 854 1084
word 843 1141 993 1141 993 1195 840 1195
word 1333 1055 1708 1062 1708 1141 1326 1159
word 1315 1152 1626 1148 1629 1202 1318 1209
word 2304 1066 2518 1066 2518 1123 2301 1123
word 2301 1166 2511 1166 2515 1220 2301 1220
word 2845 1066 3052 1070 3059 1127 2848 1123
word 2948 1173 3055 1177 3052 1234 2945 1230
word 2109 778 2259 782 2252 846 2109 846
