word 676 31 1018 41 1014 122 671 108
word 276 169 395 173 392 198 269 198
word 423 173 588 178 585 208 425 198
word 841 192 949 194 946 220 839 217
word 985 189 1042 190 1042 213 986 212
word 323 226 413 226 412 255 325 252
word 506 234 602 236 603 261 502 255
word 700 243 788 241 786 266 700 266
word 1065 254 1171 257 1172 280 1062 276
word 1234 259 1369 262 1367 292 1232 287
word 600 764 878 771 876 801 602 794
word 262 555 348 559 348 585 264 583
word 542 557 723 566 723 596 541 589
word 1218 583 1320 585 1318 612 1216 608
word 288 275 448 278 449 299 288 296
word 286 315 444 320 444 345 286 338
word 469 276 528 280 528 299 471 299
word 469 320 509 322 507 345 469 343
word 662 285 790 290 790 313 662 310
word 658 333 821 334 820 385 656 380
word 1067 305 1156 308 1156 329 1067 324
word 1065 347 1155 350 1155 369 1064 369
word 1336 313 1384 313 1386 334 1336 333
word 1301 354 1379 357 1382 378 1298 376
