word 591 20 1018 35 1014 142 582 124
word 91 215 235 218 235 252 86 252
word 296 237 487 242 487 278 294 266
word 808 232 935 234 935 264 804 261
word 992 247 1062 246 1062 273 992 273
word 152 283 262 286 260 315 152 312
word 391 288 499 288 497 318 389 318
word 621 295 735 296 735 330 621 327
word 1075 310 1213 312 1211 342 1072 337
word 1281 310 1452 310 1448 346 1279 341
word 518 947 847 957 847 990 514 985
word 94 700 201 702 197 735 97 735
word 443 713 584 713 582 752 445 746
word 1282 737 1406 737 1406 766 1282 763
word 123 364 316 369 314 398 120 395
word 352 369 464 371 464 396 353 396
word 591 373 723 376 723 407 591 405
word 1091 391 1201 391 1201 418 1091 417
word 1379 395 1489 396 1488 431 1379 426
