word 1380 156 2393 129 2398 373 1367 399
word 238 643 585 638 576 721 245 725
word 656 638 1098 625 1098 712 654 721
word 1876 621 2198 616 2202 677 1880 682
word 2302 573 2454 564 2454 643 2311 643
word 380 803 628 790 624 864 376 869
word 904 795 1167 782 1172 856 908 864
word 1454 790 1715 773 1719 851 1454 860
word 2538 760 2911 747 2919 829 2543 843
word 3099 756 3502 747 3498 812 3099 821
word 1228 2356 2037 2369 2037 2438 1228 2425
word 254 1769 498 1773 498 1834 254 1829
word 1032 1760 1641 1747 1641 1812 1024 1825
word 3080 1743 3380 1734 3385 1799 3089 1803
word 272 956 715 943 715 1016 276 1029
word 793 938 1050 934 1050 995 793 1003
word 1341 925 1659 925 1659 995 1350 995
word 2559 908 2837 903 2841 964 2554 969
word 3291 890 3573 877 3573 951 3299 960
