word 1589 447 2575 424 2584 692 1607 701
word 434 924 798 910 798 1001 434 1015
word 853 947 1334 933 1339 1010 862 1015
word 2112 901 2412 897 2416 969 2116 969
word 2462 887 2584 887 2584 956 2471 956
word 603 1083 857 1069 862 1147 603 1156
word 1153 1069 1439 1065 1434 1137 1153 1142
word 1703 1069 1966 1051 1975 1124 1703 1137
word 2716 1056 3057 1024 3062 1101 2725 1119
word 3216 1024 3580 1010 3575 1092 3234 1092
word 1521 2606 2330 2560 2334 2637 1525 2674
word 471 2074 753 2065 753 2137 484 2151
word 1262 2037 1607 2019 1607 2092 1266 2110
word 3203 1956 3503 1937 3512 2006 3212 2019
word 457 1252 930 1243 930 1311 453 1320
word 1021 1233 1284 1228 1289 1292 1025 1306
word 1580 1224 1875 1219 1875 1287 1584 1297
word 2721 1206 2975 1192 2975 1251 2725 1269
word 3364 1192 3605 1178 3614 1233 3369 1247
