word 504 107 827 109 828 186 498 187
word 117 256 238 255 239 286 118 284
word 276 273 438 270 438 293 274 294
word 670 260 769 257 770 280 672 283
word 807 256 842 252 843 274 811 276
word 170 308 259 307 260 335 173 338
word 356 312 449 311 446 339 358 339
word 538 311 620 307 622 331 539 335
word 872 308 980 304 981 326 874 329
word 1035 304 1149 301 1146 324 1034 329
word 470 811 731 798 732 825 472 838
word 136 635 220 633 221 660 138 662
word 418 628 553 621 555 648 417 655
word 1036 601 1139 595 1142 621 1042 625
word 145 374 305 371 305 391 146 395
word 331 371 372 370 372 391 331 391
word 515 366 659 363 659 408 515 411
word 890 359 976 356 976 374 890 377
word 1096 350 1178 348 1178 369 1098 370
