word 1229 527 1929 523 1936 684 1222 695
word 368 848 643 848 643 912 375 916
word 639 886 967 875 967 936 635 940
word 1604 852 1818 841 1818 895 1604 905
word 1837 862 1901 859 1901 902 1845 905
word 490 973 690 966 690 1012 497 1023
word 901 962 1104 952 1108 1009 911 1023
word 1308 962 1490 962 1486 1005 1308 1005
word 2047 948 2297 934 2301 984 2054 998
word 2404 945 2683 930 2686 980 2408 991
word 1147 2105 1743 2077 1747 2127 1151 2162
word 383 1695 576 1691 579 1762 386 1766
word 922 1698 1233 1680 1236 1745 918 1759
word 2365 1641 2568 1630 2572 1680 2368 1691
word 326 1116 683 1112 683 1162 322 1162
word 736 1112 829 1109 829 1152 740 1155
word 1151 1098 1486 1091 1486 1191 1158 1195
word 2001 1080 2190 1070 2197 1127 2004 1130
word 2477 1077 2662 1070 2666 1116 2480 1123
