word 1136 231 1942 237 1942 443 1124 425
word 213 596 524 590 519 666 213 672
word 587 609 981 614 981 685 593 679
word 1542 608 1801 602 1801 666 1536 666
word 1889 613 1995 613 1995 655 1889 655
word 342 731 554 719 554 766 348 784
word 777 708 1007 702 1007 796 771 790
word 1213 725 1419 725 1419 790 1219 790
word 2036 725 2324 725 2324 790 2036 790
word 2448 719 2760 708 2760 796 2436 802
word 1054 1925 1671 1925 1666 1996 1048 2008
word 248 1478 436 1484 436 1543 242 1543
word 901 1490 1336 1490 1342 1572 907 1572
word 2454 1490 2707 1484 2713 1555 2460 1555
word 275 861 646 855 646 908 275 908
word 289 960 660 955 660 1008 289 1013
word 719 855 813 849 813 908 719 908
word 707 949 860 949 860 1013 713 1013
word 1142 855 1530 860 1530 966 1154 966
word 1119 966 1466 960 1460 1025 1130 1025
word 2089 860 2307 855 2307 919 2095 919
word 2077 966 2295 966 2295 1025 2077 1031
word 2608 872 2808 866 2814 913 2608 919
word 2715 966 2833 972 2827 1019 2709 1019
