word 604 44 1040 71 1031 174 591 149
word 91 230 245 235 243 264 91 261
word 299 247 501 257 497 286 297 276
word 811 262 952 269 950 298 809 288
word 999 271 1053 271 1053 305 997 301
word 160 298 269 300 267 334 158 329
word 397 308 506 312 506 339 394 334
word 626 315 740 323 736 354 623 346
word 1084 346 1221 349 1220 378 1082 376
word 1294 354 1460 361 1455 400 1296 388
word 508 971 843 981 836 1000 501 1000
word 97 708 196 712 196 747 96 742
word 447 723 620 732 621 771 445 761
word 1274 769 1403 774 1403 808 1274 800
word 126 374 325 383 325 407 125 398
word 358 383 406 383 406 408 355 407
word 589 388 791 396 789 454 591 446
word 1099 418 1209 423 1208 451 1097 446
word 1385 437 1490 440 1488 470 1382 464
