word 2010 116 3510 122 3510 499 1992 457
word 298 799 810 799 816 904 286 910
word 951 863 1633 857 1627 969 939 957
word 2769 828 3227 822 3227 946 2763 940
word 3369 828 3627 834 3622 922 3369 922
word 527 1040 880 1034 880 1140 522 1140
word 1322 1057 1716 1040 1716 1146 1327 1157
word 2151 1057 2516 1057 2516 1152 2157 1146
word 3716 1081 4216 1075 4216 1193 3716 1187
word 4510 1075 5051 1093 5051 1210 4504 1193
word 1792 3363 2969 3381 2969 3510 1775 3481
word 339 2504 669 2504 669 2610 345 2610
word 1486 2534 1786 2528 1780 2657 1480 2646
word 4439 2552 4704 2540 4704 2640 4439 2646
word 363 1322 1039 1322 1039 1399 363 1399
word 1169 1316 1422 1310 1416 1410 1175 1410
word 1986 1328 2516 1328 2516 1422 1986 1422
word 3751 1346 4139 1340 4145 1434 3751 1446
word 4934 1347 5145 1342 5150 1447 4940 1453
