word 868 281 1548 264 1537 450 859 450
word 185 590 379 592 379 644 188 641
word 431 630 719 635 714 687 434 681
word 1197 610 1411 610 1411 658 1197 658
word 1477 632 1594 632 1588 684 1477 681
word 268 692 414 698 411 741 265 735
word 588 704 754 701 759 747 594 747
word 937 715 1088 715 1091 761 939 758
word 1637 727 1885 724 1882 770 1642 772
word 2031 721 2331 732 2325 778 2031 775
word 774 1704 1268 1764 1259 1812 765 1758
word 191 1301 331 1310 331 1350 188 1347
word 662 1361 974 1381 971 1432 665 1407
word 1982 1470 2202 1484 2199 1532 1979 1515
word 208 824 474 835 468 872 208 864
word 205 904 471 912 468 955 202 944
word 522 832 619 838 619 872 519 870
word 519 915 585 915 585 958 522 955
word 865 847 1091 855 1088 892 862 890
word 862 932 1151 938 1148 1021 862 1015
word 1645 872 1837 878 1839 912 1642 910
word 1645 964 1834 970 1834 1010 1645 1004
word 2261 887 2384 887 2375 944 2264 941
word 2164 987 2361 987 2364 1024 2164 1021
