word 688 102 913 220 883 278 661 155
word 372 57 450 99 440 118 358 73
word 471 123 576 182 568 205 460 143
word 753 268 821 305 813 323 743 288
word 838 323 876 342 868 359 828 341
word 389 113 449 145 438 162 376 130
word 514 181 574 213 565 230 504 200
word 642 253 699 282 690 299 632 270
word 882 375 960 412 951 432 872 396
word 1003 432 1090 478 1085 499 989 456
word 406 578 589 671 575 695 385 596
word 233 317 292 346 282 363 224 335
word 422 424 540 487 531 507 413 445
word 882 667 953 702 943 723 872 684
word 342 141 449 199 439 217 331 157
word 324 170 431 225 421 242 314 181
word 465 210 493 225 486 238 457 224
word 453 241 486 257 479 271 444 255
word 593 282 694 337 676 364 576 313
word 574 309 661 353 650 370 565 328
word 860 425 924 456 915 474 850 442
word 847 453 906 485 896 502 839 470
word 1024 507 1080 535 1072 555 1011 527
word 1033 553 1065 568 1060 582 1026 567
