word 528 205 794 215 791 281 525 271
word 200 315 301 318 300 340 198 338
word 310 333 436 336 436 357 310 355
word 663 336 743 338 743 356 662 355
word 755 342 798 343 797 362 755 360
word 245 364 318 364 315 387 242 384
word 397 364 472 367 467 387 397 384
word 552 374 617 376 615 395 551 393
word 834 384 918 384 918 402 832 401
word 972 386 1063 386 1063 405 970 405
word 474 804 701 804 701 822 474 824
word 189 636 263 638 262 656 187 657
word 403 646 527 649 525 671 400 669
word 952 649 1028 648 1029 667 952 667
word 189 415 325 419 325 439 187 435
word 348 417 421 419 421 442 348 439
word 500 424 587 424 587 445 500 443
word 822 432 887 432 889 449 822 450
word 999 435 1061 436 1062 456 999 455
