word 1698 460 2634 451 2644 665 1680 669
word 539 878 894 883 894 951 530 947
word 989 892 1457 906 1457 969 984 969
word 2189 883 2484 869 2489 942 2198 947
word 2580 865 2698 856 2707 919 2594 924
word 694 1024 948 1019 953 1092 703 1097
word 1230 1024 1512 1015 1507 1097 1230 1097
word 1794 1037 2034 1019 2039 1092 1803 1101
word 2803 1010 3148 997 3153 1074 2803 1083
word 3321 1015 3684 983 3694 1065 3339 1078
word 1571 2601 2421 2569 2421 2660 1575 2697
word 507 2015 762 2010 766 2083 507 2092
word 1353 1992 1807 1978 1816 2056 1357 2069
word 3398 1947 3712 1919 3721 1987 3421 2010
word 575 1197 1062 1192 1053 1260 571 1260
word 562 1324 1048 1315 1048 1374 562 1383
word 1125 1183 1271 1178 1262 1256 1125 1251
word 1130 1310 1312 1306 1307 1365 1125 1374
word 1684 1187 2148 1174 2148 1292 1689 1306
word 1684 1297 2044 1283 2044 1356 1684 1365
word 2853 1174 3112 1160 3112 1206 2862 1224
word 2857 1278 3125 1265 3134 1333 2862 1347
word 3532 1147 3764 1133 3769 1197 3537 1210
word 3641 1265 3801 1251 3810 1319 3646 1328
