word 608 45 1023 65 1016 170 597 146
word 92 229 252 229 250 260 89 258
word 303 255 494 262 493 289 298 279
word 813 255 940 262 938 294 809 287
word 991 275 1061 278 1058 306 989 304
word 174 292 279 295 275 326 169 321
word 392 301 506 304 506 333 389 328
word 630 316 733 319 733 346 630 343
word 1072 338 1220 346 1218 378 1070 367
word 1299 346 1453 358 1448 395 1294 384
word 511 960 835 975 835 988 506 988
word 99 704 204 706 204 736 101 734
word 447 728 742 745 742 773 447 756
word 1270 768 1391 777 1387 802 1267 792
word 125 378 328 385 325 411 121 402
word 357 384 406 385 404 414 357 412
word 594 394 781 401 777 453 591 445
word 1091 419 1204 423 1203 453 1087 446
word 1377 434 1483 440 1483 469 1373 463
