word 1301 180 2111 184 2111 402 1301 391
word 293 534 615 552 615 620 290 602
word 693 602 1093 609 1097 680 690 662
word 1704 595 1943 584 1936 637 1704 648
word 2026 602 2165 595 2168 645 2026 652
word 436 680 651 684 647 752 443 745
word 904 702 1136 698 1136 752 915 752
word 1386 716 1576 712 1576 770 1386 770
word 2211 720 2486 702 2486 762 2215 773
word 2640 709 2933 687 2929 773 2633 773
word 1201 1966 1840 1934 1840 1998 1201 2027
word 340 1523 547 1512 551 1584 347 1591
word 1047 1523 1579 1505 1579 1562 1051 1580
word 2640 1477 2868 1480 2868 1530 2643 1530
word 343 855 761 859 761 909 347 912
word 354 966 758 962 758 1012 354 1016
word 347 1070 761 1066 761 1120 347 1120
word 829 866 972 859 972 905 829 912
word 826 955 929 955 929 1009 826 1009
word 829 1062 976 1059 976 1123 833 1123
word 1301 873 1576 866 1576 916 1304 923
word 1301 970 1710 963 1706 1055 1304 1059
word 1290 1062 1554 1055 1558 1116 1297 1123
word 2229 870 2451 862 2451 912 2233 920
word 2229 966 2447 966 2447 1005 2229 1009
word 2229 1052 2440 1052 2443 1102 2226 1105
word 2877 855 2987 848 2987 898 2873 898
word 2773 948 2984 941 2987 1002 2770 1002
word 2834 1048 2962 1048 2966 1091 2837 1098
