word 1147 362 1918 373 1922 570 1143 562
word 283 727 536 720 533 784 279 787
word 611 723 965 734 965 777 608 777
word 1536 737 1768 737 1761 798 1540 795
word 1843 723 1968 723 1968 770 1840 773
word 408 837 597 841 586 898 404 895
word 804 852 1011 848 1011 902 804 905
word 1222 862 1408 862 1408 909 1222 909
word 2029 862 2286 859 2290 920 2033 923
word 2440 855 2722 855 2726 930 2436 923
word 1033 1995 1643 2002 1640 2070 1036 2055
word 311 1566 479 1566 479 1630 315 1634
word 904 1559 1211 1570 1211 1616 901 1612
word 2383 1591 2568 1591 2565 1645 2383 1641
word 315 952 658 955 658 1005 311 998
word 311 1045 661 1052 658 1095 311 1095
word 315 1141 661 1145 661 1184 315 1184
word 318 1230 665 1237 665 1284 311 1277
word 315 1327 658 1327 654 1370 311 1366
word 722 959 851 955 843 1005 729 1005
word 726 1048 958 1048 958 1102 729 1098
word 726 1148 922 1152 922 1198 722 1198
word 722 1237 997 1241 997 1291 722 1287
word 722 1337 851 1334 854 1380 726 1380
word 1136 966 1376 966 1376 1016 1140 1020
word 1140 1059 1486 1062 1483 1116 1140 1112
word 1143 1155 1443 1155 1443 1205 1143 1205
word 1143 1245 1465 1248 1468 1298 1147 1298
word 1140 1337 1508 1341 1508 1434 1143 1434
word 2036 980 2251 977 2247 1030 2036 1027
word 2029 1073 2236 1080 2236 1112 2033 1112
word 2029 1170 2233 1170 2236 1216 2026 1216
word 2029 1266 2229 1270 2229 1309 2026 1305
word 2026 1362 2226 1362 2229 1405 2029 1405
word 2630 980 2770 980 2770 1027 2627 1027
word 2641 1077 2766 1077 2766 1123 2637 1120
word 2641 1173 2770 1173 2773 1223 2641 1223
word 2648 1273 2755 1273 2759 1320 2645 1320
word 2620 1366 2759 1366 2766 1412 2612 1412
