word 579 331 920 347 916 433 571 417
word 186 475 302 480 297 512 183 506
word 323 496 486 501 486 526 321 520
word 744 501 853 508 851 533 741 527
word 885 508 946 510 948 538 885 534
word 228 533 316 536 316 566 230 564
word 411 543 506 545 506 573 409 571
word 599 550 695 554 695 582 596 578
word 960 568 1079 569 1079 598 960 594
word 1144 575 1269 578 1269 603 1142 599
word 506 1069 774 1087 771 1113 502 1099
word 176 864 258 868 256 898 176 894
word 442 880 586 885 586 913 444 906
word 1118 903 1221 905 1220 934 1118 931
word 190 592 346 598 344 626 190 617
word 369 598 411 601 409 624 369 624
word 562 606 721 612 721 662 560 654
word 965 626 1060 629 1058 655 965 650
word 1200 634 1293 636 1291 661 1200 657
