word 693 41 1122 47 1122 151 685 145
word 188 236 340 237 340 272 183 272
word 373 251 583 255 583 284 375 282
word 912 247 1044 245 1044 278 912 278
word 1075 247 1152 245 1148 280 1079 278
word 248 298 367 300 365 341 244 337
word 489 311 610 308 607 333 489 337
word 728 315 842 315 842 345 728 343
word 1177 315 1334 311 1332 343 1179 347
word 1406 310 1569 306 1573 345 1408 349
word 628 976 977 978 977 1006 630 1008
word 191 725 295 725 293 762 187 762
word 538 733 718 733 720 768 540 768
word 1389 731 1522 731 1522 759 1391 759
word 195 380 407 384 405 419 195 415
word 438 382 483 382 481 413 436 411
word 681 382 879 382 881 447 683 443
word 1185 390 1297 388 1297 415 1185 417
word 1477 386 1586 383 1585 415 1477 419
