word 1018 60 1757 52 1755 250 1022 250
word 176 420 420 418 420 470 174 470
word 503 449 843 450 847 489 503 493
word 1401 422 1628 425 1632 472 1395 470
word 1714 427 1830 427 1834 479 1718 481
word 276 533 463 529 461 597 282 595
word 678 537 876 533 878 587 686 595
word 1091 541 1280 537 1276 589 1091 593
word 1866 535 2118 533 2122 587 1870 589
word 2264 533 2526 531 2528 589 2261 593
word 207 670 557 674 551 722 205 722
word 611 670 811 670 801 727 609 725
word 1022 672 1249 672 1249 722 1020 725
word 1897 681 2103 681 2099 729 1895 731
word 2418 681 2593 675 2593 722 2420 727
word 189 1260 363 1262 366 1325 182 1325
word 782 1291 1166 1287 1164 1343 780 1343
word 2259 1283 2464 1281 2464 1327 2255 1333
word 922 1704 1509 1697 1505 1752 914 1758
