word 570 39 1060 69 1053 167 567 139
word 81 230 231 232 231 262 82 262
word 248 249 443 247 443 276 250 276
word 816 247 970 257 967 291 811 277
word 984 255 1036 264 1030 296 977 283
word 145 298 252 298 248 327 143 323
word 372 301 486 300 489 325 370 327
word 611 310 720 308 718 333 609 333
word 1097 340 1230 352 1223 386 1091 371
word 1301 364 1455 377 1450 418 1297 396
word 506 944 821 952 821 986 501 979
word 94 701 189 701 189 730 94 732
word 408 708 743 715 742 745 406 739
word 1235 759 1364 772 1360 805 1233 791
word 81 377 277 374 277 400 82 401
word 308 372 411 371 411 401 304 400
word 540 376 667 374 667 401 538 403
word 1077 406 1182 418 1179 444 1074 433
word 1340 435 1456 442 1452 474 1335 459
