word 877 249 1638 239 1638 427 871 421
word 20 564 284 567 281 621 20 615
word 377 588 735 594 735 655 371 639
word 1268 585 1502 582 1505 639 1268 642
word 1608 594 1735 594 1735 646 1608 646
word 135 679 329 676 326 736 135 730
word 541 691 738 685 735 736 538 736
word 962 694 1144 694 1144 749 959 746
word 1753 703 2014 706 2014 764 1753 758
word 2144 697 2423 709 2414 773 2132 758
word 753 1821 1350 1830 1347 1882 750 1873
word 14 1388 190 1388 190 1442 11 1442
word 647 1415 1138 1418 1138 1470 647 1461
word 2120 1439 2371 1427 2371 1479 2126 1482
word 74 806 426 803 420 858 68 855
word 484 815 568 815 565 858 481 858
word 896 818 1244 821 1238 924 893 915
word 1796 839 1996 839 1993 885 1799 885
word 2313 849 2495 846 2492 897 2307 897
