word 862 381 1551 375 1548 541 857 541
word 125 701 339 692 339 744 125 747
word 437 715 748 715 748 758 431 764
word 1205 695 1414 690 1411 750 1208 752
word 1519 698 1599 698 1602 741 1519 741
word 222 798 388 795 385 847 225 850
word 561 792 742 792 742 847 571 847
word 931 804 1102 801 1102 847 928 852
word 1645 804 1897 804 1897 850 1648 852
word 2037 790 2291 792 2297 850 2037 847
word 748 1861 1299 1884 1299 1936 748 1918
word 119 1435 257 1438 259 1490 119 1490
word 654 1470 959 1475 957 1521 657 1512
word 2054 1498 2268 1501 2268 1555 2057 1547
word 179 921 479 918 479 964 174 958
word 182 1004 477 1004 474 1052 177 1047
word 531 918 625 915 625 955 522 958
word 519 1001 599 1001 597 1041 519 1041
word 891 918 1128 915 1125 964 888 967
word 879 1004 1185 1004 1185 1095 877 1092
word 1685 924 1891 918 1888 961 1688 964
word 1697 1012 1891 1010 1888 1052 1698 1055
word 2287 930 2393 927 2395 967 2290 970
word 2198 1018 2390 1015 2390 1058 2201 1058
