word 1372 698 2072 698 2072 862 1376 862
word 540 1045 808 1034 811 1091 543 1102
word 879 1041 1215 1030 1215 1077 879 1091
word 1740 1020 1954 1009 1958 1062 1743 1073
word 2018 995 2129 987 2136 1037 2022 1041
word 668 1155 858 1148 858 1202 679 1209
word 1058 1141 1265 1130 1265 1191 1065 1202
word 1458 1141 1636 1130 1636 1184 1454 1191
word 2168 1127 2404 1116 2404 1159 2176 1170
word 2529 1105 2776 1098 2776 1155 2533 1159
word 1322 2223 1872 2180 1868 2234 1322 2277
word 586 1855 768 1845 772 1902 586 1909
word 1172 1812 1540 1798 1543 1845 1172 1866
word 2508 1741 2693 1723 2697 1780 2508 1787
word 576 1262 936 1252 940 1298 579 1309
word 586 1352 936 1337 936 1391 586 1405
word 986 1252 1104 1241 1108 1295 986 1298
word 979 1330 1068 1330 1061 1391 983 1391
word 1386 1241 1640 1230 1640 1273 1390 1284
word 1383 1323 1704 1309 1708 1412 1393 1427
word 2183 1220 2361 1212 2361 1248 2190 1259
word 2183 1298 2365 1291 2368 1337 2190 1348
word 2712 1202 2812 1198 2812 1241 2712 1245
word 2637 1280 2795 1277 2802 1323 2637 1330
