word 572 105 900 92 902 176 576 187
word 195 273 313 268 313 290 193 298
word 325 282 481 271 480 296 322 306
word 742 254 846 248 846 271 744 276
word 867 250 920 247 920 271 869 273
word 248 322 335 320 334 345 249 348
word 425 313 514 306 514 334 427 340
word 607 313 697 305 699 331 609 340
word 960 298 1074 294 1074 317 960 320
word 1128 289 1253 280 1253 310 1132 315
word 553 824 816 812 818 838 555 850
word 218 643 297 643 297 668 220 671
word 465 641 641 633 642 664 465 669
word 1125 615 1218 610 1220 631 1127 636
word 200 387 355 380 355 401 200 410
word 378 378 416 378 416 396 379 399
word 564 369 714 361 716 415 565 420
word 955 354 1042 350 1042 375 955 380
word 1180 350 1261 345 1261 368 1182 371
