word 0.90779763 2605 639 2741 633 2611 728 2744 723
word 0.7828017 2608 1196 2872 1194 2611 1237 2872 1232
word 0.8028301 2480 1275 2698 1278 2477 1319 2698 1321
word 0.8853272 2350 1041 2698 1049 2347 1098 2698 1109
word 0.86672217 2306 1751 2570 1773 2301 1803 2567 1825
word 0.96332616 2173 116 2306 114 2175 184 2306 182
word 0.92610407 2175 761 2785 780 2173 837 2785 854
word 0.8929029 2132 0 2306 0 2129 57 2306 57
word 0.91191494 2132 1901 2567 1920 2129 1958 2567 1974
word 0.98204243 2088 1939 2483 1963 2083 2001 2480 2023
word 0.87391657 2001 1025 2306 1030 1999 1079 2306 1087
word 0.8494336 1958 1245 2219 1251 1955 1294 2219 1300
word 0.8877199 1958 1153 2219 1161 1955 1204 2219 1210
word 0.7788976 1912 818 2741 815 1914 873 2741 867
word 0.76021326 1906 334 2001 323 1914 416 2007 405
word 0.7480244 1827 448 2001 459 1825 481 2001 492
word 0.89461815 1697 293 2132 184 1740 456 2173 348
word 0.89081335 1563 1816 2001 1811 1566 1874 2001 1868
word 0.97475153 1563 1996 2567 1988 1566 2064 2567 2053
word 0.92727894 1566 1955 2045 1955 1563 2015 2045 2018
word 0.9653882 1566 1000 1871 1006 1563 1068 1871 1074
word 0.90231913 1566 1898 2088 1920 1563 1958 2088 1977
word 0.94337505 1523 878 1917 897 1517 941 1914 960
word 0.9177896 1479 1787 1653 1795 1476 1838 1653 1846
word 0.78428406 1392 130 1648 171 1351 380 1610 421
word 0.9538973 1218 981 1436 992 1215 1039 1436 1047
word 0.9681946 1175 524 1914 546 1172 611 1914 633
word 0.9837817 1175 620 1914 641 1172 712 1914 734
word 0.9569073 1131 1188 1827 1221 1128 1245 1827 1278
word 0.88701636 1087 783 1827 813 1085 835 1827 862
word 0.94738215 1087 1814 1349 1825 1085 1874 1349 1882
word 0.94933635 1041 2045 2567 2042 1044 2116 2567 2113
word 0.7791589 943 160 1218 146 957 459 1229 448
word 0.7027027 870 81 1044 81 867 220 1044 223
word 0.85790914 870 1645 1436 1670 867 1708 1436 1732
word 0.6110994 826 971 1087 976 824 1019 1087 1025
word 0.79763114 650 0 957 0 652 65 957 57
word 0.9639941 609 301 873 312 603 429 870 440
word 0.92344016 519 1708 783 1705 522 1835 783 1833
word 0.92797726 519 1887 783 1884 522 1974 783 1969
word 0.85261136 522 1795 826 1800 519 1893 826 1898
word 0.9348403 478 943 696 946 475 1003 696 1006
word 0.6240438 478 146 565 149 475 182 565 184
word 0.9463017 391 1063 913 1085 388 1115 913 1136
word 0.9499445 391 1145 873 1177 386 1194 870 1226
word 0.9406464 348 1607 739 1618 345 1664 739 1672
word 0.9135729 348 824 1003 883 342 875 1000 935
word 0.9082143 301 0 565 0 304 48 565 46
