word 0.9667662 1300 157 1365 156 1301 198 1365 197
word 0.8253589 1258 386 1408 390 1257 409 1408 413
word 0.8137089 1209 141 1258 136 1216 194 1264 189
word 0.9842843 1216 337 1365 340 1214 365 1365 368
word 0.98344517 1194 654 1301 654 1193 680 1301 680
word 0.97730917 1109 213 1386 214 1108 245 1386 246
word 0.97872645 1045 333 1173 333 1044 358 1173 358
word 0.93332654 1045 801 1152 804 1044 822 1152 824
word 0.9836438 1045 136 1174 141 1042 185 1173 189
word 0.83297205 1024 377 1152 378 1022 406 1152 408
word 0.8120391 1001 234 1194 233 1002 266 1194 265
word 0.93732697 873 796 1066 789 874 818 1066 812
word 0.97373474 853 722 1194 729 852 746 1194 753
word 0.9311304 853 769 1322 781 852 793 1322 804
word 0.92306495 853 745 1322 758 852 769 1322 781
word 0.960429 830 270 1152 265 832 298 1152 293
word 0.93679714 832 321 981 325 830 354 981 357
word 0.9737379 809 702 1045 698 810 726 1045 722
word 0.9341224 810 376 981 376 809 397 981 397
word 0.9511307 681 322 789 322 682 349 789 349
word 0.952169 661 148 1002 157 660 190 1002 200
word 0.90390646 640 366 725 369 638 392 725 394
word 0.9257312 640 104 1002 113 638 142 1002 152
word 0.9078981 596 732 725 729 597 772 725 768
word 0.8216928 597 224 960 228 596 245 960 249
word 0.9660996 576 838 874 846 574 878 874 886
word 0.877561 512 642 682 644 510 668 682 668
word 0.8596546 469 310 598 316 466 344 597 349
word 0.83949256 404 284 597 281 405 306 597 304
word 0.84373724 362 842 469 844 361 868 469 869
word 0.9656158 341 797 490 797 340 844 490 844
word 0.8826241 317 710 490 705 320 773 492 768
word 0.9607637 318 750 490 748 320 809 490 806
word 0.9732466 256 354 512 364 254 381 512 392
word 0.9482272 234 640 426 642 233 668 426 670
