word 0.8254485 3993 1917 4107 1930 3986 1986 4104 2000
word 0.82403105 3601 481 3771 481 3605 592 3771 592
word 0.8926206 3601 1161 3993 1157 3605 1234 3993 1230
word 0.8688895 3435 1986 3827 1979 3438 2059 3827 2055
word 0.8206525 3379 1008 3827 1008 3383 1074 3827 1074
word 0.95058453 3047 651 3882 637 3050 759 3882 741
word 0.9157877 2936 1178 3272 1178 2939 1237 3272 1237
word 0.8493343 2880 1022 3272 1008 2884 1091 3272 1081
word 0.73704016 2773 738 3217 748 2769 821 3217 831
word 0.96977395 2492 2339 3882 2284 2495 2423 3882 2367
word 0.9777005 2492 2267 3494 2232 2495 2346 3494 2315
word 0.9744314 2489 2423 3771 2367 2495 2502 3775 2447
word 0.9676261 2492 2589 3438 2544 2495 2662 3438 2617
word 0.8473733 2495 2520 2721 2534 2489 2596 2717 2610
word 0.9629144 2270 1019 2717 1015 2274 1102 2717 1098
word 0.92057353 2270 2204 3106 2180 2274 2281 3106 2256
word 0.9069434 2215 870 2606 859 2218 946 2606 935
word 0.9191841 2215 1199 2773 1182 2218 1251 2773 1234
word 0.7059069 1941 731 2606 731 1937 818 2606 821
word 0.9592247 1774 1033 2107 1036 1771 1105 2107 1109
word 0.947736 1660 388 2717 388 1663 513 2717 513
word 0.7342973 1657 2388 1885 2378 1663 2506 1889 2495
word 0.909463 1663 1199 1996 1199 1660 1279 1996 1279
word 0.9294361 1663 519 2773 523 1660 648 2773 651
word 0.9191103 1605 2326 2052 2312 1608 2423 2052 2412
word 0.9789616 1546 2707 2495 2676 1553 2821 2499 2787
word 0.9433847 1553 752 1885 755 1549 825 1885 825
word 0.92548454 1327 2076 1774 2066 1331 2166 1774 2156
word 0.74039716 1161 1015 1553 1015 1164 1119 1553 1119
word 0.9281273 551 1022 942 1019 554 1126 942 1123
word 0.79496914 554 2735 887 2738 551 2825 887 2828
word 0.90060174 495 2315 1109 2305 499 2492 1109 2482
word 0.9103594 440 1227 1275 1223 443 1293 1275 1293
word 0.9171805 440 2443 1053 2443 443 2613 1053 2613
word 0.9811935 384 2107 998 2093 388 2197 998 2183
word 0.90080106 388 873 1497 897 384 953 1497 977
