word 0.7787256 2508 1454 2581 1449 2512 1492 2583 1488
word 0.8400461 2404 1071 2581 1064 2409 1120 2583 1114
word 0.97263163 2374 881 2581 890 2372 924 2581 933
word 0.9401522 2340 363 2443 365 2338 449 2443 451
word 0.83545136 2301 978 2581 961 2305 1028 2583 1011
word 0.9712779 2133 770 2443 770 2131 821 2443 823
word 0.86153424 2133 1486 2409 1488 2131 1525 2409 1525
word 0.9874991 1890 507 2581 501 1892 574 2581 565
word 0.8846144 1789 974 1996 976 1787 1011 1996 1015
word 0.8743304 1789 1066 2030 1071 1787 1109 2030 1114
word 0.8952097 1789 881 2030 886 1787 927 2030 931
word 0.92674184 1718 780 2030 776 1720 828 2030 823
word 0.92636967 1649 570 2065 565 1652 634 2065 630
word 0.81649977 1583 651 1720 653 1581 696 1720 699
word 0.97796655 1445 1783 2340 1813 1443 1834 2340 1865
word 0.97917956 1445 1727 2443 1761 1443 1783 2443 1815
word 0.8531253 1411 1845 1583 1847 1408 1884 1583 1884
word 0.9377075 1411 1677 2237 1701 1408 1727 2237 1751
word 0.96487194 1411 1621 2409 1656 1408 1671 2409 1705
word 0.98717266 1305 778 1617 778 1307 838 1617 838
word 0.9849596 1271 668 1514 664 1273 727 1514 722
word 0.95622057 1273 974 1652 974 1271 1006 1652 1006
word 0.9641365 1273 881 1652 884 1271 918 1652 920
word 0.98906857 1273 1058 1652 1060 1271 1099 1652 1103
word 0.8785224 1135 567 1548 576 1133 617 1548 625
word 0.91413337 961 795 1204 795 963 836 1204 836
word 0.94836456 929 1060 1239 1062 927 1107 1239 1109
word 0.9090173 929 879 1204 881 927 937 1204 937
word 0.9066989 929 967 1101 967 927 1019 1101 1019
word 0.8404632 890 449 1652 428 894 524 1654 501
word 0.9100689 890 350 1652 326 894 430 1654 406
word 0.9615126 860 1632 1101 1636 858 1697 1101 1701
word 0.8986205 826 602 1066 606 823 645 1066 649
word 0.89112926 791 1880 1411 1901 789 1925 1411 1933
word 0.95224327 722 1449 1170 1458 720 1503 1170 1510
word 0.78301775 582 791 826 789 585 849 826 847
word 0.89811236 445 679 826 679 447 722 826 720
word 0.7524868 410 1845 585 1843 413 1897 585 1892
word 0.7651868 413 1751 619 1751 410 1849 619 1852
word 0.9267495 339 1589 653 1583 344 1697 656 1690
word 0.8920506 344 1673 653 1675 342 1794 653 1796
word 0.917356 238 798 447 793 240 849 447 847
word 0.8259431 206 976 688 978 204 1011 688 1013
word 0.9415276 206 1056 722 1062 204 1101 722 1107
word 0.94049114 135 690 413 688 137 739 413 735
word 0.9363954 137 1458 516 1460 135 1518 516 1518
