word 0.6092107 2557 711 2690 711 2565 1363 2696 1361
word 0.7760057 2409 115 2536 119 2405 199 2534 203
word 0.7163741 2370 680 2690 641 2377 731 2696 690
word 0.96152985 2221 524 2534 527 2219 578 2534 582
word 0.97278804 2188 1275 2409 1275 2190 1319 2409 1318
word 0.9752061 2031 256 2596 242 2033 316 2596 301
word 0.91647804 1846 660 2065 664 1844 700 2065 703
word 0.8699089 1814 524 2127 526 1812 578 2127 578
word 0.9618828 1781 316 2628 303 1783 361 2628 348
word 0.83176756 1658 406 1814 408 1656 455 1814 457
word 0.85696185 1470 1640 2096 1652 1468 1677 2096 1689
word 0.9451084 1470 1533 2377 1548 1468 1580 2377 1595
word 0.9761588 1470 1425 2190 1439 1468 1474 2190 1488
word 0.9852883 1407 524 1720 526 1406 580 1720 582
word 0.9571533 1376 408 1627 410 1374 457 1627 459
word 0.8091259 1376 316 1627 322 1374 357 1627 365
word 0.9874153 1345 647 1720 653 1343 688 1720 694
word 0.93776226 1249 54 1752 52 1251 140 1752 138
word 0.8188301 1188 310 1314 312 1187 355 1314 357
word 0.9574605 1061 531 1282 527 1063 578 1282 574
word 0.9168651 1001 154 1752 158 999 236 1752 238
word 0.9818343 1001 46 1222 50 997 131 1220 136
word 0.9471305 967 637 1251 635 969 694 1251 694
word 0.9648009 938 1431 1188 1431 936 1490 1188 1490
word 0.8568875 938 1460 1099 1476 932 1515 1095 1531
word 0.96739334 907 320 1126 322 905 369 1126 371
word 0.92865103 874 1689 1501 1685 876 1744 1501 1742
word 0.87575865 782 520 878 522 778 580 876 582
word 0.8687295 719 1251 1220 1255 717 1298 1220 1304
word 0.9242638 655 518 750 518 657 578 750 578
word 0.9562526 469 402 844 410 467 441 844 449
word 0.93554825 436 1431 719 1429 438 1533 719 1531
word 0.91362417 406 1339 719 1345 404 1443 719 1449
word 0.9779871 250 520 469 520 248 578 469 578
word 0.9643801 154 1257 531 1257 156 1312 531 1312
word 0.90775186 156 621 782 635 154 664 782 678
word 0.8554686 123 406 438 404 125 457 438 455
word 0.84715164 86 1447 156 1443 93 1539 162 1535
word 0.62758684 31 1353 95 1353 27 1441 93 1443
word 0.60694087 0 907 97 911 0 997 93 1001
word 0.7988744 0 1499 156 1495 0 1591 158 1587
