word 0.70880544 2595 717 2659 715 2596 774 2659 774
word 0.7252549 2409 115 2536 119 2405 201 2534 205
word 0.82285404 2372 680 2690 643 2377 727 2694 690
word 0.9664391 2219 1278 2471 1276 2221 1319 2471 1318
word 0.9545059 2221 524 2534 527 2219 578 2534 582
word 0.93957037 2000 258 2596 254 2002 312 2596 308
word 0.8529612 2000 1668 2127 1666 2002 1699 2127 1697
word 0.9645816 1875 676 2096 676 1877 713 2096 713
word 0.9600537 1846 526 2127 526 1844 578 2127 578
word 0.9711375 1781 320 2628 303 1783 367 2628 350
word 0.77978945 1687 426 1814 424 1689 471 1814 469
word 0.9938497 1531 1497 2471 1492 1533 1548 2471 1542
word 0.8745694 1531 1613 1658 1609 1533 1652 1658 1646
word 0.9284599 1531 1449 2221 1445 1533 1494 2221 1488
word 0.9432497 1533 1392 1908 1392 1531 1437 1908 1437
word 0.9677404 1374 1363 1501 1361 1376 1421 1501 1419
word 0.8904528 1376 674 1752 674 1374 707 1752 707
word 0.9554955 1376 408 1627 410 1374 459 1627 461
word 0.83292234 1218 332 1658 330 1220 371 1658 369
word 0.96734196 1061 531 1282 529 1063 578 1282 576
word 0.9405771 1001 666 1188 666 999 721 1188 721
word 0.9196432 1001 154 1752 158 999 236 1752 240
word 0.9476504 1001 50 1752 56 999 132 1752 138
word 0.776255 967 1505 1126 1505 969 1554 1126 1554
word 0.95287025 936 1429 1188 1427 938 1490 1188 1490
word 0.9672007 907 320 1126 322 905 369 1126 369
word 0.82660395 872 1701 1908 1654 876 1750 1910 1703
word 0.84762645 782 518 878 524 778 578 876 584
word 0.8935607 750 1284 1157 1284 748 1331 1157 1333
word 0.8539467 655 522 750 520 657 580 750 578
word 0.8277361 498 455 844 447 500 488 844 481
word 0.60146236 310 1423 625 1421 312 1515 625 1513
word 0.9745799 250 524 469 524 248 580 469 580
word 0.9113158 185 678 688 678 187 719 688 719
word 0.9784467 154 1259 531 1257 156 1312 531 1310
word 0.907714 125 406 406 408 123 455 406 459
word 0.63324666 29 924 93 924 31 991 93 989
word 0.7466544 31 1366 162 1376 23 1454 156 1464
