word 0.72449017 2472 1305 2551 1298 2477 1345 2553 1340
word 0.7363728 2477 751 2558 769 2380 1610 2551 1629
word 0.9349616 2327 254 2440 254 2329 325 2440 325
word 0.9622821 2253 774 2551 764 2255 820 2551 811
word 0.86653155 2105 1356 2366 1352 2107 1398 2366 1395
word 0.88165784 2107 637 2440 640 2105 695 2440 697
word 0.9877229 1885 390 2514 395 1883 459 2514 466
word 0.93063927 1737 640 1996 640 1735 693 1996 693
word 0.93462235 1737 771 1996 774 1735 820 1996 822
word 0.9144286 1661 436 1959 432 1664 496 1959 492
word 0.81051564 1553 531 1700 536 1550 575 1700 582
word 0.69082123 1442 1546 1516 1548 1439 1596 1516 1596
word 0.9082157 1402 1571 2403 1564 1405 1615 2403 1610
word 0.98837036 1365 1622 2292 1615 1368 1670 2292 1664
word 0.64114654 1363 1687 1553 1673 1368 1724 1555 1710
word 0.9167195 1365 1726 1996 1721 1368 1765 1996 1763
word 0.87876475 1294 635 1627 637 1291 695 1627 697
word 0.92682266 1257 522 1516 526 1254 577 1516 580
word 0.97692716 1217 771 1627 769 1220 818 1627 815
word 0.91581744 1220 1451 1774 1472 1217 1502 1774 1520
word 0.9297767 1146 275 1627 284 1144 353 1627 362
word 0.8352763 1072 448 1553 448 1070 489 1553 489
word 0.81874037 924 637 1146 642 922 681 1146 688
word 0.94107157 850 180 1627 184 848 254 1627 258
word 0.9876747 850 776 1035 778 848 825 1035 827
word 0.98034567 850 275 1109 279 848 355 1109 360
word 0.8474596 813 1583 998 1583 811 1633 998 1636
word 0.7192107 776 1516 1072 1516 774 1583 1072 1583
word 0.8829104 739 439 998 441 737 489 998 492
word 0.9760382 739 1751 1368 1756 737 1823 1368 1828
word 0.9503894 589 1368 961 1365 591 1416 961 1414
word 0.63797295 515 628 591 628 517 691 591 691
word 0.98307145 330 561 702 559 332 603 702 600
word 0.9060615 110 630 332 635 108 686 332 691
word 0.9656597 71 1430 406 1430 73 1543 406 1541
word 0.84221596 73 1617 332 1617 71 1717 332 1717
word 0.8176995 34 1504 443 1504 36 1633 443 1633
word 0.946398 0 785 554 785 0 822 554 825
word 0.9179554 0 1345 406 1340 0 1407 406 1402
word 0.94583166 0 520 258 520 0 575 258 573
