word 0.9597057 2360 784 2539 780 2363 820 2539 815
word 0.80610067 2360 961 2539 950 2363 996 2539 985
word 0.8595298 2363 868 2468 870 2360 906 2468 908
word 0.7162585 2325 244 2468 242 2327 315 2468 310
word 0.794523 2327 1044 2539 1047 2325 1084 2539 1084
word 0.8885776 2149 1364 2398 1362 2151 1402 2398 1399
word 0.8641069 2116 637 2433 637 2114 685 2433 687
word 0.69988596 1972 489 2045 487 1975 540 2045 537
word 0.9644091 1904 376 2504 385 1902 434 2504 445
word 0.7572195 1796 965 2045 961 1798 1007 2045 1000
word 0.86929923 1796 786 2045 784 1798 824 2045 822
word 0.9623473 1798 1047 2045 1047 1796 1093 2045 1093
word 0.9567832 1798 872 2045 875 1796 919 2045 921
word 0.8434061 1728 639 2045 641 1726 683 2045 683
word 0.87170887 1587 548 1763 548 1584 595 1763 595
word 0.98730737 1443 1483 1834 1479 1446 1527 1834 1523
word 0.98967946 1443 1580 2433 1569 1446 1629 2433 1615
word 0.9451417 1443 1534 2433 1521 1446 1578 2433 1565
word 0.99272 1443 1686 2433 1677 1446 1730 2433 1721
word 0.9496024 1443 1637 2433 1620 1446 1681 2433 1666
word 0.94021386 1305 639 1622 641 1302 692 1622 692
word 0.90788084 1265 1448 1410 1443 1269 1503 1413 1496
word 0.88448286 1234 524 1516 529 1232 581 1516 584
word 0.8834754 1163 284 1657 284 1161 361 1657 361
word 0.9754379 1128 449 1551 451 1126 500 1551 500
word 0.9219603 952 643 1163 643 950 685 1163 685
word 0.94807696 914 798 1657 782 917 837 1657 824
word 0.98508626 914 1069 1657 1047 917 1113 1657 1091
word 0.97239 914 1108 1022 1108 917 1170 1022 1168
word 0.9111886 914 983 1657 961 917 1025 1657 1003
word 0.9862987 914 890 1657 872 917 939 1657 919
word 0.67364925 917 943 1022 945 914 987 1022 989
word 0.9560302 879 288 1128 286 881 361 1128 359
word 0.9622663 879 189 1657 185 881 266 1657 262
word 0.8134154 881 1593 1058 1596 879 1648 1058 1651
word 0.9359466 811 1514 1093 1516 809 1578 1093 1580
word 0.9709662 773 445 1022 445 775 496 1022 496
word 0.92907184 773 1767 1410 1763 775 1827 1410 1820
word 0.88020515 667 1393 1199 1382 670 1439 1199 1426
word 0.70540476 670 641 740 643 667 692 740 694
word 0.8328595 385 579 740 579 387 621 740 619
word 0.9703465 207 1681 458 1673 211 1761 460 1752
word 0.9171258 211 1591 493 1598 209 1668 493 1675
word 0.8695416 141 641 352 643 138 692 352 694
word 0.9734918 68 802 775 798 70 848 775 844
word 0.91912764 68 996 740 987 70 1036 740 1027
word 0.85814637 68 1082 634 1071 70 1124 634 1113
word 0.9478477 68 906 775 892 70 952 775 939
word 0.960258 0 531 282 531 0 584 282 584
word 0.9710435 0 1357 423 1353 0 1415 423 1410
