word 0.8373003 1091 152 1143 152 1092 185 1143 184
word 0.7217294 1074 388 1194 386 1075 412 1194 410
word 0.9275708 1006 650 1126 651 1005 668 1126 669
word 0.8177055 989 324 1143 326 988 348 1143 350
word 0.9212663 904 209 1177 213 903 235 1177 240
word 0.9695306 853 386 955 387 852 407 955 408
word 0.8972952 819 322 955 324 818 346 955 348
word 0.9801053 801 234 1194 231 802 257 1194 254
word 0.91280127 785 281 887 283 784 301 887 304
word 0.9578093 698 790 768 788 699 806 768 805
word 0.7773729 699 809 972 811 698 833 972 835
word 0.98045427 699 716 1041 722 698 737 1041 741
word 0.99225706 699 761 1109 770 698 782 1109 791
word 0.94449896 699 737 1143 746 698 759 1143 769
word 0.90228695 631 320 785 320 630 346 785 347
word 0.872756 631 385 802 386 630 400 802 402
word 0.88758004 613 679 682 678 614 706 682 705
word 0.84462106 614 269 750 269 613 295 750 295
word 0.96585846 562 235 750 233 563 260 750 258
word 0.84402055 477 321 597 322 476 343 597 344
word 0.8419607 477 378 563 381 476 398 563 402
word 0.85152704 460 736 546 736 459 761 546 761
word 0.95433533 460 160 802 163 459 197 802 200
word 0.95568466 460 118 785 122 459 152 785 157
word 0.9701507 426 231 529 232 425 253 529 254
word 0.94154304 426 701 546 702 425 733 546 734
word 0.9140763 392 816 682 818 391 845 682 848
word 0.9062173 358 641 512 642 357 663 512 664
word 0.9439405 256 282 580 285 254 300 580 304
word 0.915689 169 754 307 750 170 795 307 793
word 0.8289288 153 697 324 700 152 754 324 757
word 0.89322954 135 313 238 312 136 338 238 337
word 0.93108 119 374 358 378 118 394 358 400
word 0.9180275 68 622 256 622 67 654 256 654
word 0.78357995 50 749 85 749 51 803 85 803
word 0.64373696 51 672 85 673 50 706 85 706
word 0.8922093 32 269 221 260 34 294 222 283
