word 0.8108077 1143 78 1195 80 1141 122 1194 123
word 0.7610935 1108 380 1194 379 1109 398 1194 397
word 0.8770544 1092 334 1194 337 1091 357 1194 358
word 0.93502355 1041 267 1194 270 1040 299 1194 301
word 0.9269836 1022 617 1126 615 1024 640 1126 637
word 0.91902274 921 145 1211 146 920 177 1211 177
word 0.91614056 853 266 1006 266 852 298 1006 298
word 0.81614286 835 375 955 375 836 403 955 402
word 0.87525976 836 333 955 336 835 355 955 356
word 0.9228062 818 168 1194 164 819 194 1194 189
word 0.75760335 733 172 768 172 732 190 768 192
word 0.908377 681 800 853 800 682 822 853 821
word 0.8748654 682 778 853 778 681 797 853 797
word 0.9816712 664 700 1143 696 665 724 1143 720
word 0.93732744 664 726 1143 718 665 749 1143 742
word 0.9549821 648 264 819 265 647 297 819 298
word 0.93853515 631 208 836 212 630 236 836 241
word 0.9101357 631 668 870 675 630 694 870 700
word 0.954985 596 377 785 376 597 398 785 396
word 0.9107374 597 333 785 334 596 352 785 353
word 0.9558848 476 267 597 265 477 294 597 292
word 0.9587313 443 40 819 43 442 81 819 84
word 0.9536895 443 89 819 92 442 128 819 131
word 0.8999051 425 329 512 328 426 357 512 356
word 0.9528583 426 372 546 372 425 402 546 402
word 0.68767506 426 698 546 700 425 729 546 731
word 0.9007956 408 822 699 820 409 856 699 854
word 0.8701537 408 732 494 730 409 758 494 756
word 0.9613477 409 165 716 167 408 192 716 194
word 0.9616951 289 620 580 618 290 652 580 650
word 0.73378235 135 651 256 650 136 702 256 700
word 0.7897731 119 747 274 752 117 797 273 801
word 0.7574328 119 688 298 713 109 753 290 778
word 0.81830335 67 261 204 260 68 292 204 291
word 0.89340687 33 618 238 612 34 649 238 642
word 0.9028781 17 372 290 373 16 402 290 403
word 0.78043973 17 327 273 329 16 355 273 356
word 0.95009524 17 202 342 226 14 227 341 250
