word 0.7967942 2129 914 2340 899 2133 948 2342 935
word 0.7268545 2133 505 2237 507 2131 572 2237 574
word 0.90375614 1989 1830 2202 1819 1996 1933 2207 1927
word 0.9188752 1996 1363 2202 1363 1994 1396 2202 1398
word 0.90005624 1961 638 2340 647 1959 675 2340 681
word 0.95093876 1961 793 2202 800 1959 834 2202 841
word 0.7236903 1892 372 2030 378 1890 410 2030 417
word 0.8938988 1824 1568 2202 1572 1821 1611 2202 1615
word 0.82420325 1789 591 1996 593 1787 634 1996 634
word 0.96464866 1720 881 1927 890 1718 927 1927 935
word 0.93524027 1686 778 1927 787 1684 823 1927 832
word 0.9482909 1649 621 2305 595 1652 675 2305 649
word 0.84429735 1581 699 1720 696 1583 735 1720 735
word 0.94300944 1443 1557 1858 1550 1445 1598 1858 1591
word 0.9120098 1445 1430 1755 1432 1443 1469 1755 1471
word 0.8737029 1445 1604 1583 1609 1443 1634 1583 1639
word 0.9462231 1445 1464 2030 1486 1443 1507 2030 1529
word 0.9748514 1445 1505 2237 1538 1443 1550 2237 1583
word 0.9201403 1445 1634 1961 1658 1443 1673 1961 1697
word 0.6636137 1376 1746 1445 1746 1374 1802 1445 1802
word 0.92234683 1342 871 1652 873 1340 905 1652 907
word 0.91224134 1342 759 1617 767 1340 810 1617 819
word 0.9483214 1305 1406 1411 1404 1307 1460 1411 1456
word 0.91320246 1307 666 1550 679 1303 724 1548 735
word 0.8880995 1204 600 1550 623 1200 641 1548 666
word 0.7568104 1168 1882 1239 1882 1170 1933 1239 1933
word 0.93541676 1131 1817 1892 1796 1135 1933 1895 1912
word 0.9684123 1135 1751 1484 1774 1129 1832 1479 1858
word 0.96053195 1066 752 1273 755 1064 795 1273 800
word 0.98468184 1066 849 1273 856 1064 899 1273 905
word 0.9513059 1032 468 1619 496 1028 535 1617 563
word 0.9771741 1032 393 1619 423 1028 460 1617 490
word 0.8348303 998 1497 1135 1503 995 1542 1135 1546
word 0.71931493 929 1447 1170 1454 927 1505 1170 1510
word 0.94917446 894 1656 1411 1662 892 1723 1411 1729
word 0.85161996 821 1839 963 1834 826 1908 965 1901
word 0.6240716 823 1740 894 1740 826 1804 894 1804
word 0.7317482 826 1312 1066 1314 823 1361 1066 1363
word 0.6284767 757 724 929 731 755 780 929 785
word 0.9854889 585 1761 929 1768 582 1841 929 1849
word 0.9599157 514 1449 757 1445 516 1546 757 1542
word 0.9140683 516 1522 731 1548 505 1611 722 1636
word 0.9466574 434 1404 757 1363 447 1497 767 1458
word 0.8915736 413 712 619 714 410 761 619 765
word 0.9280939 413 813 931 841 408 860 929 886
word 0.94351 344 619 585 623 342 666 585 671
word 0.83199376 273 1882 619 1873 275 1933 619 1929
word 0.8609493 275 1284 653 1292 273 1342 653 1350
word 0.8250189 172 666 309 671 169 714 309 718
word 0.6694604 133 1641 206 1636 137 1701 208 1699
word 0.7060971 137 1337 275 1340 135 1383 275 1383
word 0.8685643 0 1064 73 1073 0 1107 68 1116
word 0.6741032 0 1783 109 1798 0 1845 103 1858
word 0.79121685 0 1243 103 1221 0 1288 109 1267
word 0.7795454 0 180 172 150 0 249 182 217
word 0.7585147 0 1585 105 1596 0 1621 103 1634
