word 0.9358614 1126 369 1246 376 1124 392 1245 400
word 0.9603686 1109 636 1211 638 1108 663 1211 665
word 0.90713274 1041 322 1177 325 1040 345 1177 348
word 0.98938495 955 209 1195 220 953 240 1194 251
word 0.9402746 887 313 1006 315 886 338 1006 340
word 0.8568396 853 228 1212 253 851 254 1211 280
word 0.96439105 802 758 1024 769 801 780 1024 791
word 0.9658133 733 692 1006 705 732 713 1006 725
word 0.88115174 699 299 854 305 697 330 853 336
word 0.91486907 682 343 939 356 680 369 938 381
word 0.90230894 682 249 856 272 678 278 853 300
word 0.90736026 664 737 853 733 665 758 853 756
word 0.797675 664 651 733 650 665 673 733 672
word 0.9547393 665 745 1160 754 664 769 1160 777
word 0.90319675 648 675 1058 684 647 697 1058 707
word 0.94696397 648 708 1076 732 646 729 1075 755
word 0.91919357 563 296 648 300 562 315 648 320
word 0.9340002 546 149 1178 178 544 184 1177 212
word 0.980786 546 107 854 124 544 141 853 158
word 0.9108676 510 333 597 331 512 364 597 363
word 0.9736811 493 725 563 725 494 759 563 758
word 0.86117804 494 209 820 228 492 237 819 257
word 0.8095474 477 668 597 669 476 700 597 701
word 0.7524708 477 930 580 931 476 958 580 958
word 0.8875584 443 782 733 786 442 824 733 828
word 0.92865235 391 1 1092 0 392 94 1092 89
word 0.6748022 392 279 478 283 390 312 477 316
word 0.833921 273 234 376 240 270 262 375 267
word 0.90181357 238 586 614 599 237 618 614 631
word 0.93850917 204 266 307 267 203 297 307 298
word 0.8557536 186 615 307 613 187 667 307 666
word 0.65230584 169 648 324 648 170 697 324 697
word 0.9695296 170 215 273 216 169 247 273 249
word 0.8249913 136 302 376 321 134 329 375 347
word 0.90378034 102 567 291 573 100 599 290 605
