word 0.95720893 1236 604 1365 598 1237 626 1365 621
word 0.9539984 1237 353 1301 353 1236 393 1301 394
word 0.91412616 1150 881 1280 880 1152 901 1280 900
word 0.794016 1150 542 1301 540 1152 569 1301 565
word 0.948753 1022 418 1344 413 1024 453 1344 448
word 0.9024146 980 546 1109 545 981 569 1109 568
word 0.9481537 981 610 1088 610 980 632 1088 632
word 0.9581544 937 452 1344 436 938 474 1344 458
word 0.8867903 830 1013 1258 1006 832 1034 1258 1028
word 0.9652444 830 962 1173 960 832 986 1173 984
word 0.8556755 829 1065 960 1056 832 1085 961 1076
word 0.9824694 830 988 1301 981 832 1012 1301 1005
word 0.9314674 832 1037 938 1045 830 1056 938 1062
word 0.86060786 768 544 938 545 766 576 938 577
word 0.8664816 745 612 938 610 746 632 938 630
word 0.90618736 745 496 1024 494 746 521 1024 520
word 0.9519097 746 930 1024 937 745 957 1024 964
word 0.81455255 681 457 874 456 682 482 874 481
word 0.9625719 597 553 725 553 596 580 725 581
word 0.7097789 574 994 661 994 576 1018 661 1018
word 0.9448372 574 381 938 376 576 422 938 417
word 0.97509474 574 333 938 329 576 376 938 372
word 0.91630256 576 612 682 612 574 641 682 641
word 0.859302 553 962 704 961 554 996 704 994
word 0.8892414 532 461 661 460 533 485 661 484
word 0.9547332 532 1077 832 1072 533 1112 832 1106
word 0.90410423 468 892 618 892 469 920 618 920
word 0.87680817 405 550 533 550 404 589 533 589
word 0.7696661 297 1042 384 1042 298 1065 384 1064
word 0.81001234 298 337 362 337 297 376 362 376
word 0.83917356 298 1005 384 1006 297 1046 384 1046
word 0.83474416 276 964 426 960 277 1000 426 996
word 0.96704847 233 558 341 556 234 588 341 585
word 0.9870355 212 621 448 620 213 645 448 644
word 0.9304228 192 885 384 886 190 918 384 920
word 0.93868047 170 506 682 513 169 532 682 540
word 0.83460796 170 980 214 981 168 1042 213 1044
