word 0.6014957 3993 2097 4156 2149 3972 2156 4156 2208
word 0.9474789 3657 1379 4049 1372 3660 1452 4049 1449
word 0.8839385 3653 700 3827 696 3660 814 3830 807
word 0.95205563 3546 2197 3882 2194 3549 2253 3882 2249
word 0.78312176 3379 1195 3882 1195 3383 1275 3882 1275
word 0.9140248 3047 866 3827 856 3050 949 3827 939
word 0.98707074 2995 1365 3327 1372 2991 1435 3327 1442
word 0.90804857 2936 1199 3327 1199 2939 1261 3327 1261
word 0.9312859 2769 935 4049 911 2773 1005 4049 981
word 0.77711153 2714 1057 2995 1057 2717 1126 2995 1126
word 0.96837074 2547 2579 3882 2575 2551 2651 3882 2648
word 0.8809055 2547 2738 3438 2735 2551 2807 3438 2804
word 0.84787095 2547 2665 2828 2662 2551 2728 2828 2724
word 0.9549886 2547 2499 3993 2499 2551 2575 3993 2575
word 0.85825986 2547 2353 3106 2350 2551 2426 3106 2419
word 0.9931757 2551 2419 3605 2423 2547 2499 3605 2502
word 0.93876374 2326 1185 2773 1182 2329 1265 2773 1265
word 0.8605051 2270 2315 2495 2312 2274 2409 2495 2405
word 0.92617464 2274 1365 2828 1369 2270 1421 2828 1424
word 0.92516 2274 1043 2662 1046 2270 1116 2662 1123
word 0.9861811 2104 935 2662 932 2107 1005 2662 1005
word 0.98680186 1830 1362 2163 1365 1826 1435 2163 1438
word 0.770407 1830 1195 2163 1202 1826 1251 2163 1258
word 0.9218574 1774 717 2773 724 1771 831 2773 842
word 0.9771861 1774 592 2773 610 1771 696 2773 714
word 0.62683284 1719 2495 1941 2502 1715 2582 1941 2586
word 0.8598443 1608 2409 2052 2412 1605 2495 2052 2495
word 0.8574014 1608 918 1996 922 1605 991 1996 994
word 0.9733964 1553 2783 2495 2787 1549 2887 2495 2891
word 0.95884377 1438 2180 2385 2180 1442 2263 2385 2263
word 0.96551925 1109 1064 1608 1071 1105 1123 1608 1130
word 0.9001382 710 2554 1164 2534 721 2721 1171 2700
word 0.90147567 721 1348 1553 1358 717 1414 1553 1428
word 0.91227144 721 1161 1053 1164 717 1251 1053 1254
word 0.91154456 651 2305 1164 2267 665 2475 1175 2437
word 0.8662273 637 2426 1220 2357 665 2634 1244 2565
word 0.8709282 610 1001 998 1005 606 1088 998 1091
word 0.95510095 499 2149 1109 2152 495 2246 1109 2246
