word 0.6103138 2670 1590 2739 1586 2678 1679 2744 1675
word 0.8551872 2615 260 2678 258 2617 321 2678 319
word 0.6531051 2617 397 2710 399 2613 485 2708 486
word 0.7352696 2581 852 2739 844 2587 945 2743 937
word 0.6188395 2583 570 2708 564 2587 629 2710 623
word 0.7207031 2583 713 2708 707 2587 791 2710 787
word 0.683053 2587 1143 2748 1171 2575 1198 2739 1226
word 0.72950673 2556 667 2750 692 2484 1301 2708 1325
word 0.8597508 2373 55 2495 57 2372 144 2495 146
word 0.88247705 2311 601 2556 591 2313 639 2556 631
word 0.89862216 2219 1200 2465 1190 2221 1238 2465 1226
word 0.9485272 2189 467 2495 467 2191 530 2495 528
word 0.9523035 1976 216 2587 207 1978 281 2587 270
word 0.9862044 1824 475 2100 473 1826 534 2100 532
word 0.94316995 1824 608 2069 606 1826 648 2069 648
word 0.93067104 1765 268 2071 285 1761 317 2069 332
word 0.91583633 1641 361 1795 361 1643 412 1795 412
word 0.93655413 1519 1535 1673 1533 1521 1586 1673 1584
word 0.961671 1489 1597 2130 1580 1491 1635 2130 1618
word 0.9352422 1489 1386 2252 1361 1491 1434 2252 1409
word 0.9756392 1489 1430 2495 1407 1491 1483 2495 1460
word 0.96796054 1400 485 1704 488 1398 538 1704 540
word 0.9502842 1337 620 1704 608 1339 658 1704 646
word 0.93907195 1337 372 1613 369 1339 426 1613 422
word 0.7712389 1306 281 1521 281 1308 327 1521 325
word 0.9428449 1156 289 1278 291 1154 329 1278 330
word 0.96939665 1032 502 1247 494 1034 553 1247 545
word 0.93068355 972 1460 1095 1457 973 1512 1095 1508
word 0.8854787 941 1405 1126 1401 943 1460 1126 1457
word 0.9088556 941 26 1704 15 943 104 1704 93
word 0.96064925 941 625 1217 620 943 682 1217 677
word 0.911906 941 129 1734 116 943 211 1734 199
word 0.9907672 880 291 1095 291 882 348 1095 346
word 0.8781398 880 1658 1521 1651 882 1710 1521 1706
word 0.8266506 760 498 854 502 757 559 852 563
word 0.9842065 728 1240 1339 1226 730 1299 1339 1284
word 0.7504306 639 500 730 504 637 559 730 563
word 0.93816406 547 639 760 641 545 686 760 688
word 0.76202977 363 1533 486 1531 365 1582 486 1580
word 0.74196553 329 1398 639 1381 334 1502 642 1485
word 0.88683885 330 1466 669 1455 334 1557 671 1548
word 0.8316203 211 513 456 513 213 568 456 566
word 0.978627 150 1247 517 1244 152 1299 517 1295
word 0.96023154 150 661 517 646 152 703 517 690
word 0.9516521 119 401 395 395 121 456 395 448
word 0.68448406 0 1497 152 1485 0 1586 157 1575
word 0.7440443 0 473 60 473 0 534 60 534
word 0.7894001 0 618 60 620 0 684 60 684
word 0.7719619 0 1361 152 1361 0 1447 152 1447
word 0.78808486 0 920 60 918 0 985 62 983
word 0.7626868 0 1670 121 1672 0 1710 121 1710
