word 0.7062295 2642 1662 2739 1662 2644 1756 2739 1756
word 0.7629236 2644 332 2707 332 2642 398 2707 398
word 0.79956436 2644 1365 2739 1367 2642 1457 2739 1459
word 0.6273152 2644 1519 2743 1527 2638 1606 2739 1614
word 0.69980574 2644 167 2711 171 2638 256 2707 262
word 0.80005795 2612 21 2717 33 2600 109 2707 123
word 0.75529313 2580 1212 2745 1230 2572 1278 2739 1294
word 0.62164533 2548 712 2749 790 2391 1338 2707 1417
word 0.88648653 2389 121 2516 123 2387 213 2516 215
word 0.84291995 2321 669 2739 647 2325 722 2741 700
word 0.93426913 2198 537 2516 541 2196 591 2516 595
word 0.945524 2164 1270 2421 1268 2166 1314 2421 1312
word 0.9689481 1973 286 2548 270 1975 350 2548 334
word 0.974803 1815 669 2038 671 1813 710 2038 710
word 0.9397117 1815 535 2102 537 1813 589 2102 591
word 0.92490554 1752 322 2104 346 1748 376 2102 400
word 0.6033453 1590 340 1656 338 1592 372 1656 370
word 0.84951246 1463 1598 1624 1596 1465 1636 1624 1634
word 0.98199373 1465 1433 2166 1433 1463 1479 2166 1481
word 0.9691407 1465 1646 2102 1646 1463 1688 2102 1688
word 0.9690225 1465 1537 2421 1541 1463 1584 2421 1586
word 0.9956109 1465 1477 2421 1481 1463 1533 2421 1535
word 0.98564196 1401 529 1720 533 1399 589 1720 593
word 0.9201406 1367 418 1784 416 1369 465 1784 465
word 0.85129714 1338 328 1529 336 1336 368 1529 374
word 0.9856851 1306 659 1688 663 1304 702 1688 704
word 0.77352536 1146 322 1306 324 1144 368 1306 368
word 0.9723973 1049 535 1274 529 1051 589 1274 583
word 0.942204 987 57 1752 61 985 139 1752 143
word 0.9097476 987 159 1752 167 985 240 1752 246
word 0.87954664 953 655 1146 655 955 714 1146 714
word 0.9004955 921 1497 1019 1497 923 1539 1019 1539
word 0.7726631 921 1439 1178 1437 923 1495 1178 1493
word 0.8343843 890 1690 1497 1686 892 1760 1497 1756
word 0.93970394 892 326 1115 326 890 376 1115 376
word 0.87453675 764 521 860 523 762 587 860 589
word 0.94268346 700 1264 1051 1264 698 1322 1051 1322
word 0.90108943 637 523 732 525 635 585 732 585
word 0.9803703 380 1525 732 1525 382 1610 732 1610
word 0.68067765 382 1465 509 1467 380 1541 509 1543
word 0.92941284 316 1415 700 1411 318 1501 700 1499
word 0.9205427 125 1254 541 1252 127 1316 541 1314
word 0.9205929 127 657 637 663 125 702 637 708
word 0.9407517 127 406 798 440 123 453 796 485
word 0.6196427 0 1489 157 1549 0 1572 127 1630
word 0.63517594 0 772 63 772 0 840 63 838
word 0.8184258 0 619 63 621 0 688 63 688
word 0.7903014 0 326 63 326 0 392 63 392
word 0.6302436 0 1668 95 1666 0 1742 95 1740
word 0.8071277 0 1069 63 1069 0 1138 63 1138
word 0.7457444 0 1371 95 1369 0 1443 95 1441
