word 0.7484927 2475 983 2546 980 2478 1049 2546 1047
word 0.6303339 2469 888 2546 877 2478 950 2553 942
word 0.6313475 2478 841 2555 856 2467 897 2546 912
word 0.9519631 2372 750 2546 744 2374 791 2546 785
word 0.9023557 2338 247 2443 247 2340 322 2443 322
word 0.89827484 2267 836 2546 819 2271 877 2549 860
word 0.9766938 2131 1294 2340 1294 2133 1331 2340 1331
word 0.877496 2133 608 2443 617 2131 664 2443 673
word 0.97714835 1961 352 2409 367 1959 413 2409 428
word 0.96821386 1824 731 2030 731 1821 767 2030 767
word 0.971776 1824 595 2065 602 1821 649 2065 653
word 0.9930509 1824 813 2030 817 1821 858 2030 862
word 0.808798 1720 393 2546 402 1718 453 2546 462
word 0.7668541 1652 486 1755 488 1649 537 1755 539
word 0.9172032 1445 1617 2030 1630 1443 1660 2030 1673
word 0.92836094 1445 1514 2271 1542 1443 1559 2271 1587
word 0.94190365 1445 1467 2374 1495 1443 1512 2374 1542
word 0.8719286 1376 397 1652 400 1374 438 1652 438
word 0.9243518 1376 582 1686 589 1374 638 1686 645
word 0.9597247 1342 800 1686 802 1340 834 1686 836
word 0.942252 1342 707 1720 716 1340 748 1720 757
word 0.8769591 1342 466 1617 475 1340 529 1617 537
word 0.9618841 1342 1359 1826 1389 1337 1402 1824 1432
word 0.6637572 1202 380 1342 380 1204 434 1342 432
word 0.9850059 1064 576 1273 576 1066 625 1273 625
word 0.9848052 995 783 1170 783 998 838 1170 836
word 0.9541343 998 696 1273 705 995 744 1273 750
word 0.95942616 998 116 1723 146 993 197 1720 228
word 0.94834965 998 215 1723 247 993 292 1720 324
word 0.8711601 924 1464 1066 1458 929 1527 1069 1520
word 0.9415973 929 1408 1170 1411 927 1460 1170 1462
word 0.89600176 894 365 1135 369 892 430 1135 432
word 0.9300743 858 1652 1479 1647 860 1712 1479 1707
word 0.99089426 757 1251 1135 1258 755 1307 1135 1314
word 0.7927529 653 550 757 550 651 608 757 610
word 0.9775631 516 464 860 473 514 505 860 516
word 0.9179776 305 1555 585 1542 309 1624 587 1611
word 0.98964673 273 531 481 531 275 595 481 593
word 0.90708554 275 1374 585 1374 273 1475 585 1477
word 0.93989766 206 664 757 686 204 709 757 731
word 0.9478451 172 413 449 425 167 466 447 479
word 0.94009274 137 1232 550 1234 135 1288 550 1290
word 0.89577943 66 1346 137 1342 68 1385 137 1383
