word 0.75387555 1474 454 1511 453 1475 486 1511 485
word 0.9356268 1403 107 1475 106 1404 160 1475 158
word 0.88835484 1333 397 1457 401 1332 422 1457 425
word 0.6204457 1457 441 1598 550 1302 788 1546 897
word 0.88207495 1280 331 1457 335 1278 365 1457 370
word 0.9500017 1226 731 1368 736 1225 757 1368 762
word 0.94743335 1137 172 1512 190 1135 210 1511 227
word 0.86953723 1048 315 1227 323 1046 346 1226 354
word 0.91785353 1030 383 1173 383 1031 407 1173 407
word 0.9194619 1013 195 1192 203 1011 232 1191 241
word 0.9433511 937 106 995 101 942 152 998 146
word 0.807055 905 198 942 198 906 218 942 218
word 0.9479079 817 933 1031 937 816 958 1031 963
word 0.9802039 817 866 1370 888 815 896 1368 918
word 0.9891077 817 895 1370 918 815 927 1368 952
word 0.92866015 800 810 1137 816 798 838 1137 845
word 0.9857351 800 304 977 310 798 337 977 343
word 0.8890982 763 241 995 236 764 272 995 268
word 0.96875924 763 783 1031 783 764 810 1031 808
word 0.9609677 728 374 942 374 727 395 942 396
word 0.8075738 604 303 728 306 603 331 728 334
word 0.8991892 551 91 924 96 550 138 924 144
word 0.94067353 551 28 996 41 548 80 995 93
word 0.96125805 514 842 604 840 515 871 604 868
word 0.8282796 514 368 640 367 515 401 640 401
word 0.77175134 515 817 657 818 514 848 657 848
word 0.86307764 496 183 871 183 497 212 871 212
word 0.8614977 497 962 835 968 496 994 835 998
word 0.83765185 442 301 480 298 444 332 481 330
word 0.9004032 390 716 586 715 391 744 586 744
word 0.71737194 354 300 408 298 355 331 408 330
word 0.75967693 284 374 355 374 283 398 355 398
word 0.7962037 266 867 338 872 264 900 337 904
word 0.9811723 141 833 337 831 142 888 337 886
word 0.8721695 140 805 337 798 142 858 338 852
word 0.8837959 142 886 320 891 141 937 320 941
word 0.974095 123 300 248 298 124 331 248 331
word 0.97806096 70 715 284 715 71 746 284 746
word 0.91371995 52 376 266 374 53 400 266 398
word 0.9459277 53 233 426 246 52 260 426 273
word 0.6900856 0 866 71 823 17 911 94 866
