word 0.73682034 1239 437 1274 436 1240 453 1274 452
word 0.9657441 1205 46 1274 46 1206 72 1274 72
word 0.6908166 1154 72 1257 72 1155 116 1257 116
word 0.86108816 1034 339 1172 332 1036 364 1173 356
word 0.93351775 1036 111 1087 111 1035 146 1087 147
word 0.8867435 968 600 1087 601 967 617 1087 617
word 0.8805407 950 280 1104 279 951 309 1104 309
word 0.9705209 848 167 1121 163 849 197 1121 193
word 0.88939255 814 37 1036 33 815 61 1036 58
word 0.85709053 798 342 917 342 797 361 917 362
word 0.9588876 780 284 917 284 781 310 917 309
word 0.8942121 746 195 1240 180 747 220 1240 206
word 0.9742303 730 240 798 240 729 260 798 260
word 0.7656454 713 657 748 660 711 680 747 684
word 0.95844615 661 742 951 741 662 764 951 763
word 0.960751 662 673 968 673 661 693 968 693
word 0.90695536 662 718 1087 719 661 738 1087 739
word 0.9694939 662 694 1104 697 661 715 1104 719
word 0.9699063 593 282 747 281 594 312 747 312
word 0.9814308 594 340 764 342 593 360 764 361
word 0.96584594 576 234 696 233 577 261 696 260
word 0.93799514 577 646 832 649 576 668 832 670
word 0.9481477 508 199 713 196 509 223 713 219
word 0.9645839 440 289 543 288 441 311 543 311
word 0.9801841 423 87 747 84 424 123 747 122
word 0.9116794 424 342 509 342 423 363 509 364
word 0.72190475 424 697 509 697 423 722 509 723
word 0.95476264 406 129 747 127 407 167 747 164
word 0.9617078 389 669 509 668 390 704 509 702
word 0.9608536 372 199 492 197 373 225 492 223
word 0.8629344 355 787 645 782 356 818 645 814
word 0.82102704 287 605 441 605 288 627 441 627
word 0.8000943 254 282 373 283 253 316 373 317
word 0.9517256 203 248 373 248 202 268 373 268
word 0.950576 83 283 186 283 84 315 186 315
word 0.8708831 67 342 305 345 66 361 305 364
word 0.89780825 32 599 220 598 33 628 220 627
word 0.9409283 33 233 169 233 32 262 169 263
