word 0.7969807 2443 1049 2581 1054 2441 1092 2581 1097
word 0.7111415 2443 1107 2516 1112 2437 1204 2512 1208
word 0.85628974 2338 963 2581 957 2340 1019 2581 1013
word 0.88109946 2305 477 2411 481 2301 559 2409 561
word 0.89708096 2200 1529 2512 1514 2202 1566 2512 1550
word 0.8877661 2065 860 2374 862 2062 912 2374 914
word 0.90638274 2030 666 2103 677 2024 709 2099 720
word 0.95455515 1858 602 2581 604 1856 662 2581 664
word 0.8833335 1858 1054 2065 1056 1856 1090 2065 1094
word 0.97602326 1858 961 2065 965 1856 1004 2065 1008
word 0.9608474 1718 864 1996 864 1720 907 1996 907
word 0.89802796 1652 662 1892 664 1649 720 1892 722
word 0.9783579 1514 1772 2409 1774 1512 1821 2409 1821
word 0.91372275 1514 1723 2443 1727 1512 1766 2443 1772
word 0.91932726 1514 1826 1720 1826 1512 1865 1720 1867
word 0.9904821 1514 1669 2443 1680 1512 1718 2443 1729
word 0.84166235 1514 1624 1892 1630 1512 1664 1892 1671
word 0.91643417 1514 1869 2099 1882 1512 1910 2099 1923
word 0.9082826 1376 1045 1720 1045 1374 1079 1720 1079
word 0.94528824 1376 950 1755 959 1374 993 1755 1002
word 0.9702135 1307 856 1617 860 1305 912 1617 916
word 0.8513993 1271 1628 1411 1626 1273 1682 1411 1680
word 0.978229 1273 746 1514 746 1271 802 1514 804
word 0.88933283 1133 656 1583 645 1135 701 1583 690
word 0.97301024 1032 957 1204 957 1030 1004 1204 1006
word 0.91482747 961 864 1204 864 963 905 1204 905
word 0.903711 927 518 1652 516 929 593 1652 591
word 0.95384717 929 417 1652 419 927 494 1652 496
word 0.91821235 860 1677 1107 1710 851 1735 1101 1770
word 0.9293192 826 668 1066 673 823 714 1066 718
word 0.8755785 789 1518 1135 1516 791 1563 1135 1561
word 0.8774066 585 851 826 851 582 916 826 916
word 0.98476774 550 744 894 746 548 785 894 787
word 0.85691 273 1043 791 1043 275 1079 791 1079
word 0.8218104 273 1688 585 1684 275 1787 585 1781
word 0.97216976 275 950 757 959 273 998 757 1006
word 0.84067637 204 853 447 851 206 912 447 907
word 0.94364506 137 1520 516 1527 135 1576 516 1585
word 0.9649304 101 744 378 742 103 802 378 800
