word 0.627558 1408 422 1450 422 1406 438 1450 438
word 0.91587293 1344 488 1450 489 1342 513 1450 516
word 0.98422194 1344 177 1386 178 1342 220 1386 220
word 0.92962074 1301 444 1450 446 1300 469 1450 472
word 0.817232 1237 717 1344 718 1236 740 1344 741
word 0.9836221 1237 357 1386 358 1236 386 1386 388
word 0.95629525 1130 233 1408 237 1129 264 1408 268
word 0.7964025 1066 440 1194 441 1065 461 1194 462
word 0.90146065 1066 353 1216 354 1065 381 1216 381
word 0.95124865 1066 152 1237 156 1065 204 1237 208
word 0.8802309 1066 474 1174 485 1064 496 1173 506
word 0.8869447 1044 258 1173 253 1045 288 1173 281
word 0.9227109 1002 320 1109 321 1001 345 1109 346
word 0.6060915 937 265 981 262 938 284 981 281
word 0.6558137 896 853 981 854 894 872 981 873
word 0.941386 896 806 1365 817 894 830 1365 841
word 0.94158465 896 830 1365 842 894 853 1365 866
word 0.98410124 896 780 1365 793 894 805 1365 817
word 0.94230163 873 348 1024 345 874 380 1024 377
word 0.9568109 853 293 981 294 852 322 981 324
word 0.7575037 832 728 917 729 830 753 917 754
word 0.96718 832 426 1024 429 830 450 1024 453
word 0.9355051 788 272 832 272 789 288 832 288
word 0.7129793 789 253 918 261 786 278 917 286
word 0.9619711 704 346 810 346 702 369 810 370
word 0.95598364 682 172 1045 180 681 216 1045 224
word 0.96275747 682 128 1045 138 681 166 1045 177
word 0.9584675 661 421 768 421 660 449 768 450
word 0.9862218 661 462 810 465 660 492 810 494
word 0.9407136 638 752 768 752 640 786 768 786
word 0.82006013 640 798 725 800 638 826 725 828
word 0.99245894 640 248 746 249 638 276 746 277
word 0.94005775 597 869 1194 884 596 900 1194 913
word 0.8639003 553 692 725 692 554 726 725 726
word 0.8757301 512 337 640 338 510 372 640 373
word 0.92611897 426 304 789 317 425 334 789 348
word 0.9274608 405 706 524 737 392 754 512 786
word 0.88287896 362 813 512 814 361 854 512 856
word 0.9300856 362 766 512 770 361 816 512 818
word 0.911393 318 332 448 332 320 361 448 360
word 0.94754857 276 666 448 666 277 693 448 693
word 0.8521836 277 449 554 458 276 472 554 481
word 0.8612798 277 406 533 417 276 429 533 440
