word 0.9086188 1428 390 1598 389 1429 410 1598 410
word 0.96353537 1365 333 1514 333 1364 358 1514 360
word 0.9550412 1344 654 1472 656 1342 680 1472 681
word 0.9480898 1236 212 1536 210 1237 241 1536 241
word 0.92353314 1237 149 1514 150 1236 197 1514 198
word 0.93797874 1193 333 1322 333 1194 356 1322 356
word 0.82044244 1170 240 1344 229 1173 262 1345 252
word 0.88285846 1173 385 1301 385 1172 410 1301 410
word 0.8509934 1130 756 1472 760 1129 777 1472 781
word 0.98440796 1022 805 1322 804 1024 826 1322 825
word 0.9459501 1022 782 1472 780 1024 804 1472 802
word 0.74708045 1024 746 1130 752 1022 770 1130 776
word 0.9482635 1002 730 1344 733 1001 752 1344 756
word 0.93945503 980 710 1216 709 981 732 1216 730
word 0.84196216 981 325 1152 325 980 357 1152 357
word 0.89935285 958 276 1216 273 960 304 1216 301
word 0.9502975 937 382 1130 377 938 410 1130 405
word 0.83892906 830 329 938 328 832 349 938 348
word 0.9898786 810 109 1152 114 809 149 1152 154
word 0.9391943 810 153 1173 157 809 196 1173 201
word 0.974261 788 382 874 381 789 412 874 409
word 0.93141145 766 736 917 734 768 774 917 774
word 0.9518379 746 853 1045 853 745 886 1045 888
word 0.9454892 746 228 1109 233 745 256 1109 261
word 0.6877766 640 322 768 324 638 356 768 357
word 0.9491933 488 685 640 681 490 753 641 749
word 0.8640479 490 720 641 724 488 806 640 810
word 0.84965545 448 321 576 322 446 350 576 352
word 0.9658065 405 374 661 381 404 402 661 408
word 0.9444973 405 269 896 282 404 294 896 308
word 0.8309607 405 656 597 662 404 682 597 689
