word 0.6951657 3657 318 3771 318 3660 461 3771 461
word 0.83426833 3657 1116 3993 1102 3660 1178 3993 1168
word 0.78498065 3601 1386 3993 1379 3605 1455 3993 1449
word 0.76716435 3383 2024 3827 2031 3379 2093 3827 2100
word 0.7495391 3383 901 3771 915 3379 956 3771 970
word 0.8643736 2991 523 3882 519 2995 606 3882 606
word 0.7192554 2828 1507 3161 1507 2825 1570 3161 1573
word 0.77704376 2828 1223 3161 1227 2825 1293 3161 1296
word 0.78098375 2828 1362 3161 1372 2825 1428 3161 1438
word 0.8595201 2773 890 3217 894 2769 960 3217 960
word 0.7823974 2773 1085 3161 1095 2769 1150 3161 1161
word 0.80244917 2773 1639 3161 1650 2769 1715 3161 1726
word 0.9412338 2658 589 3993 582 2662 665 3993 658
word 0.79831576 2551 738 2717 738 2547 797 2717 797
word 0.9532355 2218 2402 3830 2468 2211 2499 3827 2561
word 0.942642 2218 2312 3830 2381 2211 2409 3827 2475
word 0.8750056 2218 2551 3775 2627 2211 2683 3771 2755
word 0.87488717 2107 883 2606 887 2104 960 2606 963
word 0.93000114 2052 721 2440 724 2048 793 2440 797
word 0.7750707 1996 1348 2551 1351 1993 1403 2551 1407
word 0.8706634 1996 2121 2832 2173 1989 2215 2828 2263
word 0.8473162 1774 585 2495 592 1771 669 2495 675
word 0.9125391 1553 225 2606 228 1549 339 2606 343
word 0.85270214 1553 880 1941 883 1549 953 1941 956
word 0.95968324 1497 1195 2606 1206 1494 1268 2606 1275
word 0.8006501 1497 1067 2551 1078 1494 1130 2551 1140
word 0.9422925 1497 357 2606 363 1494 478 2606 488
word 0.8590956 1442 1320 1830 1324 1438 1414 1830 1417
word 0.8710038 1442 1469 2606 1480 1438 1535 2606 1549
word 0.8278281 1442 1608 2551 1625 1438 1677 2551 1695
word 0.8782156 1386 578 1719 585 1383 655 1719 662
word 0.67676306 1327 2294 1553 2294 1331 2395 1553 2395
word 0.6151191 1331 2197 1608 2204 1327 2312 1608 2319
word 0.8759639 1220 2589 2218 2606 1216 2742 2218 2762
word 0.68885684 1164 845 1279 852 1157 942 1275 949
word 0.8653984 1053 1941 2052 1965 1050 2027 2052 2055
word 0.675885 994 866 1109 863 998 935 1109 932
word 0.77684534 776 734 1275 741 773 790 1275 797
word 0.7501841 443 852 669 866 436 915 665 929
word 0.8413485 277 696 665 696 273 769 665 769
word 0.8869433 277 1164 1220 1182 273 1234 1220 1247
word 0.9272302 277 1026 1220 1050 273 1098 1220 1123
word 0.85946524 277 1570 1275 1598 273 1643 1275 1670
word 0.8033425 277 1293 1220 1324 273 1362 1220 1393
word 0.8803425 218 2052 721 2045 221 2239 721 2229
word 0.92049754 221 1431 1053 1452 218 1497 1053 1521
word 0.9071828 166 1899 721 1906 162 1989 721 1996
