word 0.8734486 1221 899 1274 896 1223 931 1275 928
word 0.6439291 1087 208 1155 208 1086 242 1155 243
word 0.7817121 1069 438 1189 438 1070 463 1189 462
word 0.8472751 1002 691 1121 691 1001 713 1121 713
word 0.9114202 1002 378 1138 379 1001 406 1138 407
word 0.7091438 984 83 1121 82 985 161 1121 160
word 0.962523 899 268 1172 264 900 298 1172 295
word 0.88167137 849 442 968 444 848 464 968 464
word 0.929105 831 380 968 379 832 408 968 408
word 0.83836395 797 745 832 744 798 767 832 765
word 0.89281297 797 298 1206 285 798 321 1206 309
word 0.8574563 798 890 1070 900 797 916 1070 927
word 0.86419296 781 345 849 345 780 363 849 363
word 0.8223379 712 822 798 820 713 839 798 835
word 0.92981726 713 801 1138 801 712 820 1138 821
word 0.9312348 713 755 1019 757 712 777 1019 780
word 0.9863627 713 776 1138 782 712 798 1138 805
word 0.9448798 644 382 798 381 645 413 798 412
word 0.9358738 645 445 815 445 644 463 815 463
word 0.92810917 645 729 883 737 644 749 883 757
word 0.8527429 627 339 764 336 628 364 764 362
word 0.9540837 576 301 764 298 577 331 764 327
word 0.94003916 491 445 611 445 492 465 611 465
word 0.8667803 492 778 577 779 491 804 577 805
word 0.6239094 474 748 577 747 475 786 577 784
word 0.95006514 474 237 798 230 475 275 798 267
word 0.97221446 474 193 798 190 475 230 798 226
word 0.9337051 440 303 543 302 441 329 543 328
word 0.8619997 440 855 713 852 441 886 713 883
word 0.8640262 389 692 543 691 390 717 543 715
word 0.6238972 354 76 492 74 356 165 493 163
word 0.65229434 339 387 441 387 338 418 441 419
word 0.655751 192 752 339 731 203 829 350 809
word 0.90608186 168 389 271 389 169 419 271 419
word 0.9356857 168 445 424 445 169 469 424 468
word 0.82891643 134 686 305 681 135 714 305 710
word 0.9488532 135 342 442 357 133 365 441 380
