word 0.7064425 2440 146 2567 150 2436 230 2565 234
word 0.79175675 2403 872 2722 842 2409 923 2726 893
word 0.85723233 2407 1052 2659 1050 2409 1099 2659 1097
word 0.94973266 2409 676 2722 678 2407 725 2722 729
word 0.7968731 2409 952 2690 958 2407 1003 2690 1009
word 0.9497144 2374 774 2659 762 2377 819 2661 807
word 0.971435 2252 553 2534 563 2250 608 2534 617
word 0.8956856 2221 1276 2503 1276 2219 1319 2503 1319
word 0.97432053 2033 285 2659 293 2031 351 2659 359
word 0.916236 1875 862 2096 858 1877 903 2096 901
word 0.9484407 1877 1050 2096 1050 1875 1089 2096 1089
word 0.914138 1877 768 2096 770 1875 807 2096 809
word 0.89691097 1877 956 2096 960 1875 993 2096 995
word 0.9367843 1877 674 2096 678 1875 715 2096 719
word 0.9433576 1846 545 2127 545 1844 604 2127 606
word 0.83656174 1783 332 2192 355 1779 385 2190 410
word 0.8693955 1687 416 1814 416 1689 475 1814 473
word 0.96758294 1531 1595 2471 1595 1533 1646 2471 1646
word 0.96232945 1533 1437 2503 1443 1531 1484 2503 1490
word 0.97686034 1533 1484 2471 1492 1531 1539 2471 1546
word 0.94487464 1501 1642 2503 1650 1499 1695 2503 1701
word 0.9429959 1439 537 1752 543 1437 592 1752 598
word 0.8553284 1374 948 1752 946 1376 981 1752 979
word 0.91104317 1376 328 1658 338 1374 369 1658 381
word 0.89748317 1282 162 1754 177 1278 244 1752 260
word 0.87331265 1218 334 1345 330 1220 373 1345 369
word 0.82359743 1095 531 1284 543 1091 580 1282 590
word 0.83550453 999 760 1752 754 1001 801 1752 795
word 0.9186051 999 664 1251 660 1001 717 1251 713
word 0.88635224 999 1040 1752 1036 1001 1081 1752 1077
word 0.8902504 999 850 1752 848 1001 891 1752 891
word 0.82682425 1001 895 1095 897 999 944 1095 946
word 0.67682666 1001 803 1095 805 999 856 1095 858
word 0.89458036 1001 56 1783 72 999 136 1783 152
word 0.9386004 1001 156 1253 168 997 242 1251 252
word 0.9254564 966 1490 1095 1486 969 1550 1097 1546
word 0.8946212 938 1439 1126 1441 936 1490 1126 1492
word 0.93494314 907 324 1157 326 905 375 1157 379
word 0.81245625 876 1687 1501 1705 874 1744 1501 1758
word 0.62755156 782 526 876 526 780 582 876 584
word 0.93725795 748 1267 1407 1267 750 1327 1407 1327
word 0.69428664 655 526 750 524 657 580 750 580
word 0.9527323 592 846 876 846 594 897 876 897
word 0.9450885 594 938 813 940 592 989 813 991
word 0.9458783 594 1032 844 1034 592 1083 844 1085
word 0.86391175 594 659 813 660 592 707 813 709
word 0.8138927 594 748 750 752 592 799 750 801
word 0.9848135 500 439 844 441 498 477 844 479
word 0.74968475 248 1345 563 1343 250 1439 563 1437
word 0.94022316 250 520 469 520 248 580 469 580
word 0.62666786 250 1394 381 1406 242 1486 375 1495
word 0.7885535 185 854 563 852 187 893 563 891
word 0.81453234 185 948 563 946 187 985 563 983
word 0.8208232 187 1038 563 1040 185 1081 563 1081
word 0.78701085 187 664 563 666 185 703 563 705
word 0.94216204 156 1249 531 1255 154 1304 531 1308
word 0.6805464 82 1546 156 1542 93 1681 166 1675
word 0.7715883 29 174 93 174 31 240 93 238
word 0.8266685 0 1671 62 1671 0 1734 62 1736
word 0.7563763 0 324 93 324 0 391 93 391
word 0.76021355 0 772 93 770 0 836 93 835
word 0.6265635 0 1521 62 1521 0 1587 62 1585
word 0.90249956 0 1355 156 1349 0 1445 158 1439
