word 0.89941657 2608 669 2698 669 2611 747 2698 745
word 0.7475831 2611 1109 2785 1112 2608 1147 2785 1147
word 0.85723096 2567 1185 2785 1191 2564 1223 2785 1229
word 0.8267658 2437 1640 2698 1642 2434 1683 2698 1686
word 0.9827906 2437 987 2741 990 2434 1041 2741 1044
word 0.94923717 2086 992 2393 987 2088 1041 2393 1039
word 0.9135858 2088 1115 2306 1115 2086 1153 2306 1155
word 0.9829079 2088 1188 2306 1191 2086 1229 2306 1232
word 0.97796637 2039 826 2741 775 2045 878 2744 826
word 0.8892633 1784 2015 2393 2020 1781 2056 2393 2061
word 0.95600134 1784 1852 2741 1857 1781 1898 2741 1903
word 0.95633084 1784 1961 2132 1963 1781 2010 2132 2012
word 0.99613875 1784 1895 2741 1912 1781 1952 2741 1966
word 0.9011425 1740 1797 2741 1811 1738 1846 2741 1857
word 0.91040176 1697 1743 2175 1754 1694 1789 2175 1800
word 0.9593656 1653 900 2045 903 1651 954 2045 957
word 0.78935784 1610 1112 2001 1112 1607 1145 2001 1145
word 0.8913193 1610 1188 2001 1191 1607 1226 2001 1226
word 0.98374176 1392 992 1610 998 1389 1041 1610 1047
word 0.8466718 1346 701 2001 696 1349 775 2001 769
word 0.98378724 1346 622 2001 622 1349 699 2001 699
word 0.9171273 1302 1117 1523 1112 1305 1158 1523 1153
word 0.9361964 1305 1188 1479 1196 1302 1232 1479 1237
word 0.85939234 1259 1797 1523 1795 1262 1863 1523 1863
word 0.97042453 1259 1857 1436 1855 1262 1914 1436 1912
word 0.89211446 1262 840 1914 843 1259 878 1914 883
word 0.8892939 1215 2059 1871 2042 1218 2124 1871 2110
word 0.98935443 1041 1645 1479 1642 1044 1702 1479 1699
word 0.94109595 1044 995 1262 1000 1041 1052 1262 1058
word 0.8776093 652 992 913 995 650 1047 913 1049
word 0.838621 601 1893 957 1868 609 2007 962 1982
word 0.8577143 606 1708 957 1708 609 1819 957 1819
word 0.9668871 609 897 1177 935 603 941 1175 979
word 0.7832146 563 1117 1087 1115 565 1155 1087 1153
word 0.88639534 565 1784 957 1787 563 1923 957 1925
word 0.7947283 565 1188 1044 1199 563 1229 1044 1237
word 0.9500272 519 1629 913 1623 522 1694 913 1689
word 0.646293 416 1719 522 1713 435 1996 538 1991
