word 0.6598507 1253 800 1301 798 1258 928 1305 926
word 0.6590075 1214 456 1258 454 1216 477 1258 477
word 0.884089 1169 394 1237 389 1173 436 1240 432
word 0.93857574 1150 646 1301 638 1152 668 1301 661
word 0.8777229 1086 917 1216 914 1088 942 1216 941
word 0.97920614 1088 578 1237 580 1086 602 1237 604
word 0.79878366 1002 454 1109 456 1001 476 1109 478
word 0.95884323 980 468 1280 465 981 493 1280 489
word 0.9857408 916 642 1024 642 917 666 1024 666
word 0.989928 916 578 1045 578 917 604 1045 602
word 0.9265982 917 374 1066 376 916 416 1066 417
word 0.8792249 873 488 1258 480 874 509 1258 501
word 0.92965215 768 1013 1216 1017 766 1036 1216 1038
word 0.9667548 746 1088 1045 1089 745 1112 1045 1112
word 0.95370704 746 1062 938 1065 745 1084 938 1085
word 0.8729403 746 988 1088 996 745 1009 1088 1016
word 0.95658576 704 576 874 577 702 606 874 606
word 0.9652566 681 638 874 637 682 665 874 664
word 0.9455532 682 524 917 528 681 553 917 556
word 0.92143303 682 962 938 968 681 984 938 989
word 0.93963224 533 578 661 580 532 602 661 604
word 0.96748686 512 408 874 409 510 448 874 449
word 0.96561486 512 362 874 364 510 401 874 402
word 0.87908727 512 640 618 641 510 668 618 669
word 0.8701474 489 988 618 985 490 1022 618 1020
word 0.6157968 489 1018 576 1014 490 1044 576 1040
word 0.97856265 468 484 832 484 469 510 832 510
word 0.96704626 469 1100 768 1101 468 1136 768 1138
word 0.9324211 405 916 576 917 404 944 576 944
word 0.8337353 341 574 469 576 340 608 469 609
word 0.9336143 190 1061 320 1060 192 1090 320 1089
word 0.85293484 185 973 341 958 192 1042 346 1029
word 0.9548596 169 577 277 577 170 606 277 606
word 0.98680824 149 640 384 642 148 664 384 668
word 0.8870666 128 908 320 908 126 934 320 934
word 0.96691006 128 525 448 541 126 549 448 564
