word 0.8672517 1226 97 1262 93 1228 117 1264 115
word 0.7058078 1208 608 1245 603 1211 632 1248 629
word 0.9602073 1125 107 1177 107 1126 146 1177 145
word 0.9399575 1091 359 1228 355 1092 381 1228 376
word 0.9376229 1022 296 1177 295 1024 326 1177 325
word 0.95212656 1022 635 1143 634 1024 654 1143 652
word 0.9269127 903 180 1211 176 904 215 1211 211
word 0.8819964 852 364 955 362 853 385 955 382
word 0.91588664 852 304 989 300 853 329 989 326
word 0.9088523 819 200 974 214 816 228 972 243
word 0.991857 698 766 1160 760 699 793 1160 787
word 0.9713193 698 743 1160 733 699 768 1160 758
word 0.7928317 698 796 785 794 699 818 785 816
word 0.94950527 698 820 1006 812 699 843 1006 836
word 0.9286408 647 306 802 306 648 336 802 334
word 0.979798 631 689 870 694 630 713 870 717
word 0.92135036 613 253 836 248 614 282 836 277
word 0.9535245 613 371 785 368 614 387 785 385
word 0.82058173 477 312 580 312 476 336 580 336
word 0.97413933 442 84 802 81 443 129 802 125
word 0.94029063 442 138 802 133 443 180 802 174
word 0.9845421 443 372 529 372 442 396 529 396
word 0.9273763 425 721 563 720 426 753 563 750
word 0.8700596 426 749 512 749 425 777 512 778
word 0.90007746 408 218 768 212 409 241 768 235
word 0.88756984 391 844 716 840 392 882 716 877
word 0.9782485 340 647 494 646 341 675 494 674
word 0.70081484 290 311 409 311 289 340 409 340
word 0.7719234 136 727 221 728 135 760 221 761
word 0.9733442 119 804 256 805 118 840 256 841
word 0.9653934 101 755 273 753 102 798 273 796
word 0.89490825 102 700 273 702 101 750 273 753
word 0.9401294 67 379 307 378 68 398 307 397
word 0.9764614 50 648 238 647 51 676 238 675
word 0.9785106 51 263 375 272 50 289 375 297
word 0.6125188 17 705 53 707 13 738 51 740
word 0.68881774 0 193 34 195 0 204 34 206
word 0.7517237 0 788 51 787 0 864 53 861
