word 0.73250324 1074 119 1126 117 1075 151 1126 149
word 0.915263 1040 343 1143 343 1041 363 1143 363
word 0.96552896 989 282 1126 282 988 311 1126 311
word 0.91461813 971 597 1092 597 972 618 1092 618
word 0.87903327 903 176 1006 172 904 196 1006 193
word 0.9561593 818 343 921 342 819 363 921 363
word 0.97028625 819 283 955 284 818 308 955 309
word 0.93592006 800 197 1160 177 802 226 1161 205
word 0.9656341 665 731 938 736 664 753 938 757
word 0.93956673 665 684 1109 691 664 708 1109 714
word 0.96975607 665 707 1109 715 664 729 1109 739
word 0.9329214 631 280 785 280 630 311 785 311
word 0.8749719 631 235 870 236 630 264 870 265
word 0.9700092 596 343 768 342 597 362 768 362
word 0.96750516 494 285 597 285 493 310 597 310
word 0.9654257 476 135 785 131 477 172 785 167
word 0.9644927 477 92 802 92 476 129 802 130
word 0.7933602 442 683 512 683 443 708 512 707
word 0.8163539 443 341 529 342 442 364 529 365
word 0.7995486 425 652 563 651 426 684 563 683
word 0.9324395 426 199 750 201 425 224 750 226
word 0.9225364 409 760 682 765 408 793 682 798
word 0.9547046 340 588 494 588 341 616 494 616
word 0.8761497 168 693 307 689 170 731 308 726
word 0.95148635 168 611 307 609 170 663 308 660
word 0.80784804 170 278 273 278 169 307 273 308
word 0.90684605 152 649 307 647 153 701 307 699
word 0.95532537 119 339 341 342 118 361 341 364
word 0.96589875 119 236 546 251 118 260 546 275
word 0.8727658 102 577 290 579 101 603 290 605
