word 0.87197655 1108 379 1228 373 1109 401 1228 395
word 0.97246647 1109 140 1160 140 1108 178 1160 178
word 0.979183 1041 651 1143 651 1040 669 1143 669
word 0.97570485 1024 314 1160 317 1022 341 1160 344
word 0.8928967 904 195 1194 196 903 225 1194 226
word 0.97951275 870 377 972 378 869 396 972 397
word 0.9718949 852 315 972 314 853 340 972 339
word 0.9469792 801 221 1211 217 802 246 1211 242
word 0.95875704 785 265 853 267 784 289 853 292
word 0.9253999 716 772 1160 775 715 793 1160 796
word 0.95679665 699 800 1006 801 698 822 1006 823
word 0.85562295 699 723 1041 725 698 744 1041 746
word 0.9543152 699 748 1177 750 698 771 1177 773
word 0.9530487 648 312 802 312 647 339 802 339
word 0.9118028 630 259 750 259 631 285 750 285
word 0.97937834 631 372 819 374 630 393 819 395
word 0.92940485 631 692 887 702 630 714 887 725
word 0.89528507 563 221 768 225 562 243 768 246
word 0.82126427 494 310 597 313 493 331 597 336
word 0.90648264 459 372 563 372 460 396 563 396
word 0.82190096 460 749 546 750 459 777 546 778
word 0.9656062 460 99 802 106 459 136 802 142
word 0.95491236 460 145 802 152 459 182 802 189
word 0.9521099 425 718 546 718 426 753 546 753
word 0.942177 408 216 529 216 409 242 529 242
word 0.9709489 391 840 699 839 392 873 699 871
word 0.92655885 357 652 443 652 358 672 443 672
word 0.69022226 358 306 409 307 357 336 409 337
word 0.68478465 290 302 341 304 289 334 341 336
word 0.9564835 221 266 409 268 220 285 409 288
word 0.8617922 118 688 256 685 119 738 256 736
word 0.8603975 114 787 273 773 119 841 277 827
word 0.8259291 101 748 256 746 102 798 256 796
word 0.8955608 102 712 292 722 99 762 290 772
word 0.8639548 85 366 341 371 84 388 341 393
word 0.9770226 51 245 187 246 50 277 187 278
word 0.94700766 33 640 238 637 34 672 238 669
