word 0.925021 1092 156 1143 156 1091 192 1143 192
word 0.87571514 1058 375 1194 378 1057 395 1194 398
word 0.9436771 1006 326 1126 326 1005 349 1126 349
word 0.9372726 988 628 1109 626 989 650 1109 648
word 0.95119613 903 214 1177 210 904 247 1177 244
word 0.9498877 835 377 938 376 836 397 938 396
word 0.82486445 835 329 972 328 836 347 972 346
word 0.76303715 802 238 938 238 801 264 938 265
word 0.97858834 698 744 1126 743 699 766 1126 765
word 0.97694063 698 769 972 766 699 789 972 787
word 0.90690017 698 724 1126 721 699 744 1126 741
word 0.93725896 681 700 1041 698 682 722 1041 720
word 0.8536168 648 325 802 327 647 352 802 354
word 0.95035833 630 681 870 675 631 704 870 697
word 0.8464653 613 378 802 377 614 397 802 396
word 0.9499712 563 236 750 241 562 258 750 262
word 0.770034 494 327 597 331 493 347 597 352
word 0.8143449 476 453 614 450 477 482 614 477
word 0.9597205 477 171 802 172 476 206 802 208
word 0.99264777 477 126 802 129 476 164 802 166
word 0.7877517 459 732 546 731 460 755 546 754
word 0.8638218 460 376 546 377 459 400 546 402
word 0.8299648 425 240 546 240 426 263 546 263
word 0.84854877 425 823 699 817 426 853 699 846
word 0.9334623 374 638 614 635 375 663 614 660
word 0.9467784 238 283 409 284 237 302 409 304
word 0.73946744 220 456 273 456 221 474 273 474
word 0.8859761 146 678 307 657 153 732 313 711
word 0.8958933 136 326 238 327 135 353 238 354
word 0.7894849 102 379 341 380 101 402 341 403
word 0.9224841 85 274 221 275 84 299 221 301
