word 0.76944894 10560 1083 10959 1051 10576 1194 10967 1162
word 0.9424355 10313 2907 10576 2907 10321 3137 10576 3130
word 0.69595724 10321 4834 10584 4850 10305 5025 10576 5041
word 0.876612 9796 2684 10959 2620 9812 2907 10967 2835
word 0.77192515 9676 509 10194 509 9684 828 10194 828
word 0.65414625 10194 2819 10998 3130 9525 5622 10831 5925
word 0.9440827 9039 5121 10067 5113 9047 5264 10067 5264
word 0.9880931 8920 2118 10067 2134 8912 2341 10067 2365
word 0.93151426 8275 1210 10831 1210 8283 1457 10831 1457
word 0.9572307 8028 1043 10321 1083 8020 1266 10321 1314
word 0.8999738 7645 2699 8537 2699 7637 2843 8537 2843
word 0.9470305 7391 2110 8537 2118 7383 2333 8537 2341
word 0.9651785 7136 1298 8028 1306 7128 1521 8028 1529
word 0.96024156 7000 1720 7518 1720 7008 1887 7518 1879
word 0.7732282 6236 6419 6881 6419 6244 6578 6881 6578
word 0.8290968 6236 1361 6626 1353 6244 1505 6626 1505
word 0.900977 6236 6618 8792 6610 6244 6793 8792 6785
word 0.98908776 6244 5551 7773 5559 6236 5750 7773 5750
word 0.99263924 6244 6172 9812 6180 6236 6387 9812 6395
word 0.9873277 6244 5973 10194 5981 6236 6172 10194 6180
word 0.92925835 6244 5766 9047 5774 6236 5941 9047 5949
word 0.9786803 5606 2691 7136 2691 5599 2835 7136 2835
word 0.97891533 5606 2110 6881 2126 5599 2349 6881 2365
word 0.9544 5479 1672 6498 1672 5471 1871 6498 1879
word 0.8233179 4969 1353 5989 1353 4961 1497 5989 1497
word 0.94461673 4842 6761 5989 6777 4834 6992 5989 7008
word 0.9647487 4197 2158 5097 2142 4205 2349 5097 2333
word 0.91137546 4205 2668 4969 2676 4197 2867 4969 2875
word 0.8305504 4069 5997 4714 5997 4077 6204 4714 6204
word 0.9146404 3950 645 7008 669 3942 971 7008 995
word 0.9110675 3950 230 7008 262 3942 533 7008 565
word 0.7397568 3695 5742 4205 5750 3687 5957 4205 5965
word 0.9156787 3552 6777 4714 6745 3568 7064 4722 7024
word 0.8205862 3568 1298 4587 1314 3560 1497 4587 1505
word 0.9051584 3313 5105 4587 5113 3305 5304 4587 5312
word 0.7044365 3050 2102 3440 2094 3058 2333 3440 2325
word 0.7461387 2540 2676 3058 2676 2548 2851 3058 2851
word 0.6082918 2540 2102 2930 2094 2548 2349 2930 2341
word 0.99684626 2158 1768 3568 1768 2166 1935 3568 1935
word 0.9165648 1011 2102 1911 2094 1019 2341 1911 2333
word 0.8781152 868 5415 2421 5352 892 5997 2437 5933
word 0.932749 892 2676 2421 2684 884 2835 2421 2843
word 0.9647522 509 1648 1656 1664 501 1855 1656 1871
word 0.8021278 509 4961 2317 5105 477 5280 2293 5423
word 0.6076921 0 5479 637 5447 0 5837 645 5814
