word 0.94354224 1108 742 1143 741 1109 755 1143 754
word 0.7851671 1038 368 1126 359 1041 382 1127 374
word 0.8084388 1021 144 1075 141 1024 178 1076 176
word 0.6732958 988 403 1075 402 989 421 1075 420
word 0.87493956 921 600 1041 601 920 619 1041 619
word 0.91781026 921 307 1058 307 920 329 1058 330
word 0.9423647 835 201 1092 193 836 226 1092 217
word 0.88886905 785 361 887 361 784 381 887 381
word 0.7434463 785 395 887 400 784 416 887 420
word 0.8848044 768 308 904 308 766 329 904 330
word 0.9534879 749 224 1109 213 750 246 1109 235
word 0.6482605 716 263 785 263 715 282 785 283
word 0.878711 648 727 802 728 647 743 802 744
word 0.91761035 648 702 1006 709 647 721 1006 727
word 0.94338125 631 681 1041 689 630 700 1041 707
word 0.98040295 631 658 1041 668 630 679 1041 690
word 0.97134686 596 307 733 307 597 334 733 334
word 0.8176408 579 262 699 259 580 286 699 283
word 0.9470347 580 398 733 398 579 414 733 414
word 0.98856354 580 358 733 359 579 379 733 379
word 0.87111354 580 635 802 641 579 657 802 662
word 0.6794429 529 227 699 230 528 244 699 247
word 0.9037563 460 311 563 311 459 329 563 329
word 0.919628 443 395 512 397 442 416 512 418
word 0.95367473 425 158 750 157 426 196 750 196
word 0.83463687 425 682 494 679 426 701 494 698
word 0.9406145 426 357 563 358 425 381 563 381
word 0.9263928 426 119 733 122 425 150 733 153
word 0.88371515 408 661 529 660 409 686 529 685
word 0.9231748 392 757 648 758 391 786 648 787
word 0.7931439 392 225 494 227 391 249 494 250
word 0.96224463 341 594 512 595 340 617 512 618
word 0.63445264 290 304 392 307 289 333 392 337
word 0.8055672 169 631 290 630 170 679 290 679
word 0.72470415 152 673 290 673 153 715 290 714
word 0.83701134 135 308 238 306 136 334 238 332
word 0.9681196 101 592 273 589 102 619 273 617
word 0.94902676 102 354 341 356 101 377 341 379
word 0.9191336 102 392 324 396 101 412 324 417
word 0.8621598 85 262 392 267 84 283 392 288
