word 0.833112 1318 125 1386 121 1322 165 1389 161
word 0.9056981 1321 366 1472 362 1322 392 1472 386
word 0.9201357 1257 636 1386 633 1258 664 1386 661
word 0.9381015 1237 304 1386 305 1236 326 1386 328
word 0.95836854 1129 186 1408 181 1130 212 1408 206
word 0.9501825 1088 365 1216 366 1086 389 1216 389
word 0.9615841 1065 120 1237 117 1066 172 1237 169
word 0.88509905 1065 305 1216 304 1066 326 1216 326
word 0.97541857 1044 212 1450 202 1045 236 1450 226
word 0.77212405 1002 253 1088 253 1001 281 1088 281
word 0.98359686 937 813 1216 812 938 836 1216 834
word 0.94932306 937 690 1109 690 938 712 1109 712
word 0.94117945 937 738 1408 737 938 761 1408 760
word 0.99497 937 761 1344 761 938 786 1344 785
word 0.88248146 938 793 1024 796 937 812 1024 814
word 0.94136155 873 304 1024 302 874 333 1024 333
word 0.98144585 852 250 981 248 853 278 981 277
word 0.9600011 853 365 1045 365 852 386 1045 388
word 0.8238713 853 684 917 684 852 710 917 710
word 0.92348117 788 210 1002 208 789 236 1002 233
word 0.94730157 702 305 810 305 704 328 810 326
word 0.9398432 682 132 1045 132 681 173 1045 174
word 0.88683045 682 365 789 365 681 390 789 392
word 0.963105 682 88 1024 90 681 125 1024 128
word 0.84367543 661 741 768 742 660 772 768 773
word 0.9931296 638 208 746 208 640 236 746 236
word 0.63667023 640 710 768 710 638 745 768 745
word 0.95983785 617 828 917 826 618 865 917 864
word 0.91865283 576 642 682 644 574 666 682 668
word 0.89776546 448 261 640 262 446 282 640 284
word 0.6303272 358 786 490 776 362 837 493 828
word 0.8385473 362 676 538 734 334 760 512 818
word 0.80555147 320 301 448 301 318 332 448 332
word 0.98860246 320 365 554 366 318 388 554 389
word 0.9662755 276 636 469 634 277 666 469 664
word 0.9491264 277 248 426 249 276 276 426 277
