word 0.9012374 1321 393 1450 389 1322 412 1450 408
word 0.83421993 1298 149 1365 145 1301 188 1366 182
word 0.916678 1280 432 1408 432 1278 452 1408 453
word 0.9076144 1234 745 1344 738 1237 766 1345 760
word 0.8844036 1216 325 1365 326 1214 349 1365 349
word 0.9347455 1193 658 1322 657 1194 685 1322 684
word 0.95711315 1044 129 1216 126 1045 178 1216 176
word 0.99341476 1045 382 1152 384 1044 410 1152 410
word 0.862121 1045 321 1194 322 1044 348 1194 349
word 0.9941329 1045 424 1152 426 1044 452 1152 453
word 0.9073679 1000 225 1408 204 1002 262 1409 241
word 0.96306777 874 730 1258 733 873 753 1258 754
word 0.96880996 874 822 1173 826 873 845 1173 849
word 0.93759495 874 802 1066 806 873 822 1066 825
word 0.9423532 874 750 1344 761 873 772 1344 784
word 0.9221045 832 316 1002 318 830 348 1002 350
word 0.93978155 832 264 1066 270 830 290 1066 297
word 0.992941 810 418 981 420 809 445 981 446
word 0.8889351 810 376 1002 378 809 402 1002 404
word 0.9203753 810 702 1066 709 809 725 1066 732
word 0.9827716 682 316 789 317 681 344 789 345
word 0.9567669 661 144 1002 152 660 184 1002 192
word 0.9841867 661 98 1002 109 660 137 1002 148
word 0.9419133 638 376 789 376 640 402 789 402
word 0.9816438 640 418 725 418 638 446 725 446
word 0.83235437 618 725 768 725 617 756 768 756
word 0.88073117 618 220 960 228 617 242 960 250
word 0.8179925 618 749 682 750 617 776 682 777
word 0.9239465 597 840 896 844 596 877 896 881
word 0.8716976 532 653 661 652 533 678 661 677
word 0.82614297 490 304 597 306 489 338 597 341
word 0.8285753 318 760 448 757 320 798 448 797
word 0.8947792 320 713 469 714 318 756 469 757
word 0.9463651 256 640 448 641 254 668 448 669
word 0.7434682 256 368 512 374 254 390 512 397
word 0.7661473 256 409 512 418 254 430 512 440
word 0.6703665 213 722 257 725 210 786 256 788
