word 0.6342952 2679 262 2778 258 2683 353 2780 349
word 0.6311428 2681 420 2778 420 2683 497 2778 495
word 0.6667668 2683 572 2778 572 2681 649 2778 651
word 0.86455446 2683 118 2782 124 2677 221 2778 226
word 0.7638324 2583 816 2778 799 2589 874 2782 854
word 0.8284695 2589 927 2654 929 2585 984 2652 986
word 0.7065087 2478 836 2746 807 2557 1509 2782 1478
word 0.8896629 2462 211 2557 213 2460 297 2557 297
word 0.87694347 2364 757 2778 741 2367 809 2780 791
word 0.90522164 2241 609 2557 615 2239 672 2557 678
word 0.9295687 2178 1351 2431 1353 2176 1397 2431 1397
word 0.8224686 2052 426 2146 426 2050 483 2146 483
word 0.9870031 2020 331 2589 339 2018 394 2589 402
word 0.96507174 1862 597 2115 603 1860 649 2115 655
word 0.9320922 1862 730 2083 739 1860 775 2083 785
word 0.9791223 1799 382 2652 396 1797 436 2652 449
word 0.93863153 1702 479 1831 479 1704 528 1831 526
word 0.8102483 1481 1641 1704 1641 1483 1691 1704 1691
word 0.9712082 1483 1531 2464 1568 1479 1588 2462 1626
word 0.959763 1452 1479 2178 1507 1450 1531 2178 1558
word 0.960621 1452 1689 2085 1718 1448 1734 2083 1764
word 0.9630902 1452 1584 2464 1624 1448 1639 2462 1681
word 0.9882964 1420 576 1736 582 1418 641 1736 647
word 0.95765895 1357 710 1736 720 1355 749 1736 759
word 0.8928437 1357 372 1673 384 1355 414 1673 426
word 0.97569805 1357 1416 1864 1442 1353 1468 1862 1495
word 0.9420778 1199 365 1326 367 1197 412 1326 414
word 0.83209944 1073 570 1294 572 1071 615 1294 619
word 0.9542077 1010 88 1770 116 1006 177 1768 205
word 0.9073742 1010 189 1770 219 1006 274 1768 303
word 0.941233 978 692 1168 692 976 743 1168 745
word 0.73193765 915 1517 1041 1517 913 1566 1041 1566
word 0.9865178 915 355 1136 357 913 410 1136 412
word 0.90705526 915 1464 1170 1472 911 1525 1168 1533
word 0.9119369 852 1724 1578 1736 850 1770 1578 1774
word 0.7823723 789 550 884 552 787 611 884 613
word 0.94806266 726 1294 978 1296 724 1343 978 1347
word 0.7243662 663 544 759 548 659 607 757 611
word 0.78095883 566 678 694 674 568 730 694 726
word 0.9041379 473 447 852 457 471 491 852 503
word 0.9218831 345 1695 505 1693 347 1742 505 1740
word 0.94954944 282 1604 568 1602 284 1697 568 1693
word 0.8632492 252 538 473 542 250 590 473 595
word 0.81549114 252 1503 631 1507 250 1606 631 1610
word 0.9125564 157 663 536 674 155 708 536 720
word 0.9746147 126 1268 505 1272 124 1324 505 1328
word 0.92980605 126 414 410 422 124 473 410 479
word 0.73138374 63 1554 126 1554 61 1689 126 1689
word 0.69596326 0 925 63 925 0 992 63 992
