word 0.92197686 1211 643 1246 645 1209 665 1245 668
word 0.6152098 1211 572 1252 574 1204 678 1245 680
word 0.9042745 1160 154 1194 154 1159 187 1194 187
word 0.8776308 1126 376 1264 389 1124 398 1262 410
word 0.9793012 1058 330 1194 333 1057 360 1194 363
word 0.92726976 1040 650 1160 649 1041 669 1160 669
word 0.94078547 955 208 1245 212 954 237 1245 242
word 0.9680281 886 379 989 378 887 398 989 398
word 0.95313364 887 325 1006 329 886 352 1006 356
word 0.9668218 853 228 1008 233 851 259 1006 264
word 0.6270305 713 798 802 784 716 818 804 803
word 0.9197666 716 722 1041 724 715 744 1041 745
word 0.94467187 716 769 1160 773 715 789 1160 792
word 0.9870059 716 816 1006 819 715 837 1006 840
word 0.9635443 682 320 836 323 681 350 836 354
word 0.9345861 664 264 887 261 665 294 887 291
word 0.75778943 665 221 803 231 663 245 802 254
word 0.9652123 648 699 904 700 647 721 904 722
word 0.9703178 648 374 836 375 647 395 836 396
word 0.8968041 580 218 648 219 579 245 648 245
word 0.9313902 512 317 631 318 510 343 631 344
word 0.9281261 494 144 854 156 492 182 853 195
word 0.9082283 494 97 854 110 492 132 853 147
word 0.8873701 477 372 580 372 476 400 580 401
word 0.87672216 460 746 563 747 459 772 563 772
word 0.8113334 442 722 580 721 443 753 580 753
word 0.9594912 443 216 563 218 442 245 563 247
word 0.93326926 426 837 716 838 425 871 716 872
word 0.85432905 391 310 426 309 392 341 426 340
word 0.9594981 374 650 494 649 375 673 494 672
word 0.91028464 238 266 426 267 237 288 426 289
word 0.83451957 118 679 290 678 119 730 290 729
word 0.884823 119 300 238 300 118 333 238 333
word 0.69165045 119 710 274 713 117 770 273 773
word 0.9456284 85 369 341 373 84 392 341 396
word 0.94270784 68 636 273 636 67 669 273 669
word 0.86849666 68 242 221 245 67 274 221 276
word 0.6136082 34 763 88 768 29 817 85 820
word 0.8990131 17 686 85 688 16 726 85 727
