word 0.68194443 2333 638 2443 632 2340 703 2447 696
word 0.82648647 2305 1821 2381 1828 2297 1899 2374 1905
word 0.88102955 2166 204 2271 204 2168 288 2271 286
word 0.89959383 2202 1695 2374 1733 2166 1858 2340 1897
word 0.9290317 2131 1602 2271 1598 2133 1664 2271 1660
word 0.7893884 2133 675 2340 679 2131 716 2340 720
word 0.93544275 2028 1191 2237 1191 2030 1223 2237 1223
word 0.9557524 1994 554 2271 552 1996 604 2271 602
word 0.7661181 1959 1744 2065 1744 1961 1852 2065 1852
word 0.97522604 1785 337 2340 316 1789 402 2342 380
word 0.64656425 1755 1817 1865 1828 1746 1918 1858 1927
word 0.96317816 1684 692 1892 690 1686 731 1892 731
word 0.804672 1649 572 1927 572 1652 621 1927 619
word 0.91568017 1578 406 2409 350 1583 458 2411 402
word 0.6245082 1477 1516 1720 1505 1479 1553 1720 1542
word 0.94299334 1408 1329 2065 1327 1411 1368 2065 1365
word 0.98532134 1411 1368 2271 1370 1408 1415 2271 1417
word 0.81621057 1411 1469 1583 1471 1408 1499 1583 1503
word 0.97386867 1305 582 1583 580 1307 634 1583 632
word 0.91080344 1271 701 1617 701 1273 731 1617 731
word 0.8781773 1273 486 1514 488 1271 537 1514 537
word 0.84772956 1170 421 1514 421 1168 462 1514 462
word 0.93394154 998 591 1204 593 995 630 1204 630
word 0.9849734 961 283 1583 279 963 357 1583 352
word 0.8514315 963 703 1135 705 961 746 1135 746
word 0.80332804 963 1396 1101 1400 961 1439 1101 1443
word 0.871827 927 1340 1204 1329 929 1391 1204 1381
word 0.95189786 927 202 1583 195 929 271 1583 264
word 0.880548 890 1557 1445 1529 894 1624 1447 1596
word 0.88083035 860 419 1066 423 858 460 1066 462
word 0.94125265 755 1211 1239 1200 757 1260 1239 1249
word 0.84352016 653 585 860 585 651 643 860 643
word 0.96529096 410 1428 653 1426 413 1505 653 1503
word 0.9016585 408 1669 619 1662 413 1733 621 1727
word 0.71509093 376 1271 688 1264 378 1370 688 1363
word 0.94221497 378 1342 688 1342 376 1432 688 1432
word 0.93114394 307 591 516 587 309 645 516 641
word 0.8520602 275 705 722 712 273 739 722 746
word 0.85834354 204 1211 585 1208 206 1258 585 1258
word 0.8822869 206 483 481 490 204 533 481 539
word 0.94658434 206 1817 281 1821 197 1933 275 1933
word 0.7054031 118 1806 206 1794 137 1933 223 1927
word 0.6322396 0 1873 137 1873 0 1933 137 1933
word 0.9500612 0 1669 2099 1593 0 1923 2108 1847
