word 0.74740624 5190 1724 5319 1720 5193 1846 5319 1842
word 0.7858218 4935 1462 5381 1427 4943 1556 5385 1525
word 0.7789779 4881 359 5131 363 4877 531 5131 535
word 0.82388496 4630 625 4943 625 4626 727 4943 731
word 0.6234841 5131 1509 5565 1881 4579 2788 5444 3160
word 0.9800595 4505 1165 5068 1185 4501 1275 5068 1294
word 0.9017971 4505 2639 4822 2659 4497 2718 4818 2737
word 0.8268308 4192 782 4321 790 4184 899 4317 907
word 0.95508796 4067 633 5389 723 4055 754 5381 844
word 0.99100477 3817 1419 4255 1427 3813 1501 4255 1509
word 0.90311635 3692 1138 4255 1149 3688 1255 4255 1263
word 0.92563045 3566 707 4067 715 3563 836 4067 840
word 0.9360064 3437 907 3754 907 3441 1009 3754 1009
word 0.9418167 3066 727 3316 727 3062 793 3316 793
word 0.96083194 3066 3128 5006 3187 3062 3238 5006 3293
word 0.8979468 3066 2819 3817 2847 3062 2905 3817 2933
word 0.91616565 3003 3242 4255 3277 2999 3340 4255 3371
word 0.9273402 2878 1110 3504 1126 2874 1224 3504 1235
word 0.75444216 2815 715 3003 719 2812 793 3003 797
word 0.85217035 2749 2784 3003 2780 2753 2902 3003 2898
word 0.96899694 2753 1388 3504 1392 2749 1454 3504 1458
word 0.94877017 2565 172 3566 179 2561 336 3566 344
word 0.90485287 2565 375 3566 391 2561 535 3566 555
word 0.78737545 2499 696 2753 692 2503 782 2753 778
word 0.96400875 2123 1106 2565 1102 2127 1212 2565 1204
word 0.91005516 2002 1353 2565 1361 1998 1466 2565 1474
word 0.91145295 2002 132 2507 144 1994 312 2503 324
word 0.9422237 2002 348 2507 371 1994 520 2503 543
word 0.9092406 1935 3027 2190 3027 1939 3124 2190 3121
word 0.96532106 1873 2898 2190 2890 1877 3007 2190 3003
word 0.94999236 1814 672 2315 684 1810 782 2315 797
word 0.95513153 1752 3410 3003 3422 1748 3512 3003 3516
word 0.8825649 1564 2565 2065 2577 1560 2663 2065 2675
word 0.7153247 1564 1067 1752 1075 1560 1185 1752 1188
word 0.86163783 1001 883 1752 907 997 962 1752 989
word 0.7701303 750 3058 1001 3062 747 3167 1001 3171
word 0.87670493 625 2866 1188 2870 621 2980 1188 2984
word 0.9129606 500 1044 938 1048 496 1161 938 1165
word 0.8882745 438 1321 1501 1353 434 1407 1501 1439
word 0.9609258 312 809 876 817 308 911 876 919
word 0.92059934 312 2495 1188 2518 308 2620 1188 2643
word 0.72719854 0 2722 312 2714 0 2862 316 2851
