word 0.87173176 2340 1088 2411 1092 2336 1129 2409 1133
word 0.70924556 2305 593 2538 610 2243 1402 2478 1419
word 0.86607516 2099 755 2340 757 2097 795 2340 800
word 0.8928415 2062 344 2168 344 2065 400 2168 400
word 0.90763015 2062 692 2340 684 2065 731 2340 720
word 0.87795115 1994 1144 2237 1144 1996 1178 2237 1178
word 0.87559164 1925 610 2202 602 1927 645 2202 636
word 0.8421627 1787 1669 2065 1662 1789 1735 2065 1729
word 0.9406872 1755 1583 2273 1604 1751 1692 2271 1712
word 0.9399818 1718 434 2237 421 1720 501 2237 488
word 0.8445024 1649 712 1858 707 1652 744 1858 739
word 0.97459114 1649 617 1892 610 1652 658 1892 653
word 0.8577094 1652 767 1858 772 1649 802 1858 804
word 0.8418187 1583 483 1824 483 1581 522 1824 522
word 0.96761155 1408 1387 2305 1374 1411 1428 2305 1415
word 0.98346585 1408 1340 2305 1322 1411 1385 2305 1368
word 0.94826967 1408 1297 2237 1282 1411 1337 2237 1322
word 0.9888494 1408 1479 1996 1467 1411 1522 1996 1510
word 0.88589025 1408 1434 1789 1432 1411 1471 1789 1471
word 0.9828371 1305 623 1583 621 1307 662 1583 660
word 0.98459566 1271 546 1617 535 1273 587 1617 578
word 0.8184875 1271 776 1583 772 1273 806 1583 802
word 0.9358305 1273 709 1548 712 1271 739 1548 742
word 0.827442 1030 630 1239 628 1032 662 1239 662
word 0.92009956 995 318 1548 309 998 382 1548 374
word 0.7852914 995 374 1548 367 998 449 1548 440
word 0.8935127 963 778 1204 778 961 819 1204 819
word 0.9677207 963 712 1135 714 961 752 1135 755
word 0.85123223 927 1346 1032 1344 929 1393 1032 1391
word 0.8038804 892 1301 1170 1301 894 1363 1170 1363
word 0.8784186 892 494 1479 488 894 531 1479 522
word 0.9653897 858 1527 1411 1520 860 1587 1411 1581
word 0.9899284 755 1168 1101 1168 757 1213 1101 1213
word 0.7314914 378 630 585 632 376 664 585 666
word 0.9329774 301 1239 619 1217 309 1350 625 1329
word 0.98647267 309 716 757 722 307 759 757 763
word 0.99346536 309 778 757 787 307 821 757 828
word 0.7217949 309 1301 413 1303 307 1406 413 1408
word 0.90266967 309 554 860 572 307 589 860 608
word 0.9648756 204 1152 585 1150 206 1219 585 1217
word 0.6806669 135 1254 206 1254 137 1329 206 1327
word 0.61525047 0 1264 68 1267 0 1318 68 1318
