word 0.6880716 1450 437 1493 438 1449 454 1493 454
word 0.7961765 1364 200 1429 198 1365 240 1429 240
word 0.8988827 1362 458 1472 446 1365 477 1473 464
word 0.73090035 1322 494 1472 496 1321 516 1472 517
word 0.82744974 1298 274 1450 260 1301 300 1452 285
word 0.9485838 1257 721 1386 721 1258 745 1386 745
word 0.9184046 1257 380 1429 380 1258 409 1429 409
word 0.95753676 1173 261 1344 261 1172 285 1344 285
word 0.95403147 1086 378 1237 378 1088 406 1237 406
word 0.9360998 1086 452 1216 452 1088 474 1216 474
word 0.83912474 1088 493 1216 494 1086 517 1216 518
word 0.91477627 1088 804 1365 808 1086 824 1365 829
word 0.9122959 1066 284 1450 292 1065 304 1450 312
word 0.71539736 960 901 1216 905 958 917 1216 921
word 0.95099884 937 825 1386 824 938 846 1386 845
word 0.97306097 916 872 1280 869 917 894 1280 893
word 0.7910692 916 798 1088 794 917 821 1088 817
word 0.9393289 896 376 1066 377 894 406 1066 408
word 0.9310353 874 765 1109 778 873 788 1109 801
word 0.9367156 874 321 1089 336 872 346 1088 361
word 0.9288552 853 490 1045 492 852 514 1045 516
word 0.9379024 725 376 853 378 724 402 853 405
word 0.93399477 704 206 1066 210 702 246 1066 250
word 0.97032714 681 449 1045 446 682 476 1045 472
word 0.8961633 682 784 810 785 681 824 810 825
word 0.9810764 682 826 746 828 681 850 746 852
word 0.87740934 682 490 789 492 681 518 789 520
word 0.7227347 661 285 1002 289 660 308 1002 312
word 0.9261704 638 904 938 902 640 941 938 940
word 0.88066167 574 724 789 724 576 753 789 752
word 0.8773684 533 370 661 374 532 401 661 406
word 0.8153974 448 344 640 345 446 366 640 368
word 0.7781315 362 724 524 753 349 790 512 820
word 0.77978575 341 813 434 826 332 877 426 890
word 0.91759247 341 760 504 786 326 838 490 866
word 0.9893646 320 485 554 492 318 510 554 518
word 0.94487816 297 708 490 708 298 734 490 733
word 0.9428239 298 318 448 320 297 346 448 348
word 0.9159593 298 442 576 446 297 470 576 474
word 0.75860256 277 832 320 832 276 896 320 896
word 0.760321 277 762 321 766 274 785 320 789
word 0.65743256 277 770 329 776 266 865 320 870
