word 0.64094603 2650 1493 2746 1491 2652 1553 2746 1551
word 0.6865236 2652 1389 2746 1389 2650 1485 2746 1485
word 0.78684926 2652 59 2750 63 2646 149 2746 155
word 0.7761073 2583 672 2715 665 2589 734 2719 726
word 0.7607949 2589 1239 2656 1243 2583 1294 2652 1298
word 0.7154684 2557 751 2654 755 2553 805 2652 809
word 0.7400849 2460 814 2746 814 2462 866 2746 866
word 0.702496 2557 755 2750 811 2435 1383 2715 1436
word 0.8823037 2431 147 2525 147 2429 234 2525 234
word 0.8474346 2366 724 2589 722 2367 767 2589 765
word 0.9653405 2210 550 2525 552 2208 613 2525 615
word 0.87256795 2178 1320 2431 1324 2176 1361 2431 1363
word 0.9805425 2020 280 2589 292 2018 335 2589 347
word 0.9240438 1862 807 2083 809 1860 846 2083 848
word 0.96650714 1862 714 2083 716 1860 755 2083 757
word 0.97943044 1831 544 2115 548 1829 601 2115 607
word 0.9750067 1768 341 2589 355 1766 392 2589 406
word 0.83534116 1671 459 1831 459 1673 507 1831 507
word 0.8382143 1574 349 1641 345 1578 388 1643 386
word 0.93753713 1483 1422 1862 1424 1481 1468 1862 1470
word 0.99334604 1483 1523 2462 1533 1481 1578 2462 1588
word 0.964188 1483 1580 2431 1594 1481 1626 2431 1639
word 0.9488561 1389 542 1736 544 1387 597 1736 599
word 0.93144953 1355 1377 1483 1375 1357 1434 1483 1432
word 0.9156055 1355 704 1704 704 1357 739 1704 739
word 0.95082474 1355 799 1704 797 1357 830 1704 830
word 0.9024298 1357 420 1641 422 1355 479 1641 481
word 0.64865077 1357 337 1547 339 1355 392 1547 394
word 0.86554325 1262 169 1770 185 1258 250 1768 266
word 0.8012191 1197 337 1326 335 1199 396 1326 394
word 0.9203315 1073 542 1262 544 1071 591 1262 593
word 0.97087353 978 791 1262 793 976 840 1262 840
word 0.8768377 978 696 1168 700 976 743 1168 747
word 0.94678795 978 63 1768 76 976 147 1768 161
word 0.9313002 978 165 1231 169 976 252 1231 258
word 0.9801963 947 1529 1073 1535 945 1576 1073 1582
word 0.89185727 915 1438 1199 1442 913 1505 1199 1507
word 0.9423753 884 327 1136 327 882 386 1136 386
word 0.9598242 850 1701 2115 1687 852 1756 2115 1740
word 0.670752 789 534 884 536 787 590 884 591
word 0.93540806 726 1304 1136 1304 724 1357 1136 1359
word 0.74469763 631 530 726 534 629 588 726 590
word 0.862253 566 785 726 783 568 832 726 832
word 0.7069744 568 690 694 692 566 741 694 743
word 0.8624107 345 1560 599 1558 347 1651 599 1649
word 0.9328127 315 1357 631 1359 313 1456 631 1458
word 0.9646757 282 1418 631 1418 284 1513 631 1513
word 0.96899307 250 532 473 532 252 586 473 586
word 0.97996736 157 785 536 787 155 826 536 830
word 0.96845084 157 694 536 698 155 734 536 738
word 0.8825629 126 1262 536 1264 124 1314 536 1316
word 0.91842514 126 410 410 418 124 465 410 473
word 0.8508741 0 1363 157 1361 0 1454 157 1452
word 0.6117328 0 27 94 27 0 122 94 120
word 0.86559916 0 874 63 876 0 905 63 909
