word 0.6861617 2473 1047 2581 1038 2478 1109 2583 1103
word 0.85105556 2445 1363 2546 1348 2478 1574 2577 1559
word 0.6566496 2478 1514 2551 1522 2471 1557 2546 1566
word 0.6497412 2353 1004 2581 978 2443 1772 2589 1746
word 0.86479586 2374 475 2478 477 2372 546 2478 546
word 0.9733723 2305 985 2581 987 2303 1032 2581 1034
word 0.95632523 2168 1557 2409 1559 2166 1593 2409 1596
word 0.92565036 2133 869 2443 871 2131 922 2443 922
word 0.68429035 1996 673 2099 675 1994 733 2099 735
word 0.98010457 1927 608 2581 619 1925 671 2581 681
word 0.947751 1824 985 2030 987 1821 1021 2030 1021
word 0.809703 1755 866 2030 869 1753 914 2030 916
word 0.88850343 1684 666 1961 664 1686 729 1961 727
word 0.97413003 1652 748 1789 748 1649 795 1789 795
word 0.702018 1512 0 1617 0 1514 34 1617 32
word 0.96972036 1479 1690 2065 1710 1477 1738 2065 1759
word 0.98414326 1479 1740 2443 1768 1477 1798 2443 1828
word 0.98666686 1479 1789 2443 1824 1477 1845 2443 1880
word 0.9779976 1479 1841 2445 1882 1475 1899 2443 1933
word 0.7395968 1479 668 1585 675 1475 712 1583 718
word 0.64583486 1340 662 1445 660 1342 722 1445 720
word 0.98794186 1342 970 1686 972 1340 1004 1686 1006
word 0.9077861 1342 864 1652 866 1340 916 1652 918
word 0.9108149 1307 1643 1858 1647 1305 1692 1858 1697
word 0.945714 1202 660 1307 658 1204 703 1307 701
word 0.8652952 1165 174 1479 165 1170 268 1482 260
word 0.92831963 1133 221 1307 219 1135 294 1307 294
word 0.86941725 1099 309 1479 301 1101 372 1479 363
word 0.8402813 998 871 1204 871 995 909 1204 909
word 0.971533 998 961 1239 963 995 1008 1239 1011
word 0.9577394 927 421 1686 417 929 499 1686 494
word 0.92710376 927 524 1686 520 929 602 1686 598
word 0.83828163 929 0 1036 0 922 613 1032 613
word 0.9441725 894 1699 1135 1701 892 1763 1135 1768
word 0.94818354 860 677 1101 677 858 727 1101 727
word 0.9203829 757 1516 1376 1529 755 1568 1376 1583
word 0.87453 649 862 722 858 653 918 724 914
word 0.9925566 516 750 860 755 514 793 860 798
word 0.84771025 445 4 894 2 447 51 894 49
word 0.94516766 413 10 937 27 402 294 929 314
word 0.6399012 376 1830 516 1828 378 1897 516 1895
word 0.8524893 281 1675 550 1600 309 1770 576 1695
word 0.9230706 273 866 481 862 275 916 481 909
word 0.9605593 240 948 826 959 238 995 826 1006
word 0.9374587 169 757 447 755 172 806 447 804
word 0.9674131 172 1525 516 1525 169 1576 516 1578
word 0.9790174 68 965 137 965 66 1000 137 1000
word 0.76230305 0 1075 139 1082 0 1157 137 1163
word 0.64263463 0 750 68 748 0 785 68 783
word 0.79630315 0 124 137 182 0 288 68 346
word 0.891902 0 733 68 733 0 761 68 763
