word 0.68866986 2441 763 2671 722 2553 1407 2750 1368
word 0.8648705 2405 656 2729 653 2407 711 2729 708
word 0.89471096 2230 533 2553 541 2229 592 2553 599
word 0.8447734 2199 1260 2465 1260 2201 1302 2465 1302
word 0.7566867 2054 328 2142 332 2052 379 2142 381
word 0.9763504 2025 258 2641 267 2023 332 2641 341
word 0.93008757 1878 643 2113 647 1876 682 2113 687
word 0.9380726 1849 528 2113 533 1847 579 2113 587
word 0.9456676 1790 319 2025 322 1788 368 2025 370
word 0.7856938 1700 390 1819 387 1702 438 1819 434
word 0.7268437 1585 317 1649 330 1577 357 1643 368
word 0.8803106 1526 299 1585 299 1524 332 1585 332
word 0.9700602 1497 1403 2054 1416 1495 1449 2054 1462
word 0.98517483 1497 1451 2495 1484 1495 1504 2495 1537
word 0.96157366 1409 521 1731 526 1407 574 1731 579
word 0.75493765 1409 304 1498 310 1405 359 1497 365
word 0.96767837 1379 631 1731 636 1377 665 1731 669
word 0.9244999 1379 401 1643 405 1377 453 1643 456
word 0.9724514 1262 49 1761 51 1260 133 1761 135
word 0.8935948 1231 286 1350 284 1232 335 1350 335
word 0.9207139 1054 526 1291 522 1056 572 1291 568
word 0.96612006 996 621 1174 621 998 675 1174 675
word 0.92508197 998 146 1761 155 996 229 1761 238
word 0.931203 998 40 1232 44 996 124 1232 128
word 0.9201436 935 1431 1174 1423 939 1498 1176 1489
word 0.9169948 880 310 1144 311 878 366 1144 368
word 0.69856346 763 515 880 517 761 572 880 574
word 0.86151296 733 1232 1086 1236 732 1278 1086 1282
word 0.9259754 645 517 733 519 643 570 733 572
word 0.84702057 587 616 675 618 585 664 675 665
word 0.91168725 469 392 851 394 467 434 851 436
word 0.8259374 322 1484 442 1489 319 1537 440 1541
word 0.8623784 322 1401 625 1432 311 1489 616 1522
word 0.91742384 234 517 469 519 233 572 469 574
word 0.9198835 176 620 557 620 174 658 557 660
word 0.98448175 144 1253 528 1251 146 1308 528 1308
word 0.95137537 117 399 410 399 115 454 410 456
word 0.82428694 53 1442 176 1436 58 1530 179 1524
word 0.74584484 0 1216 88 1216 0 1278 88 1278
