word 0.8779303 10332 2691 10987 2652 10356 3015 11003 2967
word 0.9627927 9598 2454 10356 2470 9590 2644 10356 2660
word 0.8894509 9345 4996 10608 5020 9337 5209 10608 5233
word 0.63148946 10229 2944 11003 3607 9219 5438 10861 6101
word 0.864659 8840 2265 10103 2281 8832 2462 10103 2478
word 0.97032696 7325 2218 8461 2225 7317 2454 8461 2462
word 0.8506691 7198 536 10237 647 7182 813 10229 923
word 0.9609826 7056 1302 10482 1136 7072 1618 10490 1444
word 0.9531674 6567 6093 9850 6101 6559 6290 9850 6298
word 0.98700655 5556 2186 6819 2194 5549 2423 6819 2423
word 0.9433515 5422 1720 6946 1673 5430 1957 6946 1910
word 0.93273616 5430 5683 8209 5706 5422 5872 8209 5896
word 0.9856127 5430 6148 8966 6251 5422 6354 8966 6456
word 0.9809748 5296 5501 8840 5501 5304 5714 8840 5706
word 0.8901335 5296 2439 7830 2439 5304 2652 7830 2652
word 0.9791615 5304 5888 9093 5896 5296 6062 9093 6077
word 0.87285805 5051 726 6946 765 5043 1034 6946 1073
word 0.9648404 4167 2178 5051 2178 4159 2383 5051 2391
word 0.89758974 3907 6109 4672 6101 3915 6346 4672 6338
word 0.93996686 3915 694 4925 710 3907 1018 4925 1034
word 0.94876784 3915 276 6946 339 3907 615 6946 678
word 0.9802764 3780 2439 4546 2431 3788 2652 4546 2652
word 0.9196427 3654 5817 4672 5809 3662 6022 4672 6014
word 0.932556 3536 1318 6567 1326 3528 1547 6567 1554
word 0.85074264 3409 6819 5935 6875 3402 7040 5935 7096
word 0.7675272 2644 2154 2904 2146 2652 2375 2904 2360
word 0.95517987 2146 2423 2525 2431 2139 2644 2525 2652
word 0.84088635 1507 6788 1768 6788 1515 6890 1768 6890
word 0.8989624 1136 5296 2454 5485 1073 5722 2399 5912
word 0.90894985 1010 5564 2036 5588 986 6251 2020 6283
word 0.8273832 884 2131 1894 2131 876 2352 1894 2360
word 0.949528 497 1657 2399 1649 505 1854 2399 1847
word 0.9375105 497 2446 2020 2439 505 2644 2020 2628
word 0.9756397 497 5059 3915 4957 505 5280 3915 5185
word 0.7958802 15 6196 505 5691 252 6417 734 5920
