word 0.7063941 1008 210 1119 203 1010 232 1120 225
word 0.86571157 995 430 1119 427 996 454 1119 452
word 0.72803754 983 48 1037 49 982 75 1037 76
word 0.80086964 941 169 1064 166 942 193 1064 190
word 0.90474075 844 88 1078 82 846 121 1079 115
word 0.9443513 804 218 901 217 805 237 901 235
word 0.879944 791 175 914 173 791 198 914 196
word 0.9822482 694 586 1133 570 696 612 1134 596
word 0.9870254 694 561 1146 543 696 586 1147 568
word 0.9641113 695 535 1160 520 696 562 1160 546
word 0.97620666 695 610 873 606 696 635 873 631
word 0.9582308 681 512 955 506 682 537 955 531
word 0.9589002 613 488 860 487 614 513 860 512
word 0.8263887 614 178 750 180 613 199 750 201
word 0.8539715 599 221 764 221 600 237 764 236
word 0.8809297 599 141 709 139 600 165 709 163
word 0.85751575 531 117 709 117 532 133 709 133
word 0.84099215 477 182 573 181 477 203 573 201
word 0.96177495 463 39 737 38 464 65 737 64
word 0.8785577 463 69 737 67 464 97 737 95
word 0.9316089 449 224 532 222 450 249 532 247
word 0.9407812 436 551 532 549 436 576 532 575
word 0.7833654 422 520 546 517 423 560 546 558
word 0.9443904 422 117 518 116 423 139 518 138
word 0.8590003 380 641 696 631 382 684 697 674
word 0.91967463 340 456 464 453 341 485 464 482
word 0.89435655 244 154 395 152 245 170 395 168
word 0.8596222 149 186 245 184 150 212 245 210
word 0.8209 108 535 232 535 109 593 232 593
word 0.8426279 108 232 341 229 109 253 341 250
word 0.8858704 109 147 232 148 108 172 232 172
word 0.80762374 52 464 245 457 54 498 246 491
