word 0.7542808 1126 726 1160 726 1125 737 1160 737
word 0.6581152 1021 171 1075 169 1024 201 1076 199
word 0.81495965 1005 372 1143 365 1006 388 1143 381
word 0.98434293 954 592 1041 592 955 610 1041 610
word 0.98252803 955 321 1075 321 954 344 1075 344
word 0.9922645 819 324 921 324 818 345 921 345
word 0.98687315 819 370 904 370 818 389 904 390
word 0.932806 782 241 1092 221 785 269 1093 250
word 0.98003685 681 722 1024 716 682 740 1024 736
word 0.9870869 681 701 1058 692 682 722 1058 712
word 0.9359199 681 661 938 657 682 679 938 675
word 0.8170561 682 738 921 740 681 754 921 756
word 0.960637 647 326 785 325 648 350 785 349
word 0.9438399 630 279 802 276 631 307 802 302
word 0.9497367 613 373 768 369 614 394 768 390
word 0.89138407 512 329 614 329 510 346 614 346
word 0.9265627 493 186 785 185 494 221 785 220
word 0.9508468 476 150 785 149 477 183 785 182
word 0.9098481 476 694 563 692 477 713 563 711
word 0.89840436 476 672 580 670 477 700 580 699
word 0.9148539 477 374 597 374 476 396 597 396
word 0.9514054 459 765 699 759 460 795 699 789
word 0.9258405 442 252 750 247 443 272 750 266
word 0.6614965 235 733 358 724 238 775 360 765
word 0.8987527 217 656 358 644 221 708 361 696
word 0.9320855 221 698 358 700 220 740 358 741
word 0.79265594 186 330 290 329 187 355 290 354
word 0.934998 152 379 375 379 153 397 375 396
word 0.95641434 152 614 324 611 153 641 324 637
word 0.6510016 134 664 170 663 136 690 171 688
word 0.96632475 136 289 426 290 135 310 426 311
word 0.6392105 102 534 136 535 101 551 136 552
