word 0.7319465 2404 952 2546 940 2409 987 2549 974
word 0.8663485 2305 410 2409 410 2303 477 2409 477
word 0.86343646 2237 864 2512 877 2235 907 2512 918
word 0.618112 2409 907 2589 1004 2187 1664 2512 1759
word 0.95043 2099 763 2374 767 2097 819 2374 821
word 0.9657562 2065 1398 2271 1400 2062 1434 2271 1436
word 0.9348307 1890 524 2478 524 1892 587 2478 587
word 0.9754519 1755 761 1996 763 1753 802 1996 804
word 0.99321824 1755 853 1961 858 1753 899 1961 903
word 0.89015007 1686 561 2030 572 1684 625 2030 636
word 0.9612611 1411 1705 1996 1720 1408 1748 1996 1761
word 0.9008948 1411 1518 2099 1535 1408 1563 2099 1583
word 0.9562688 1411 1658 2099 1675 1408 1703 2099 1723
word 0.96338755 1411 1606 2305 1639 1408 1654 2305 1686
word 0.9801686 1342 739 1652 744 1340 804 1652 808
word 0.9093888 1305 641 1755 632 1307 692 1755 684
word 0.9484337 1307 1475 1789 1477 1305 1520 1789 1522
word 0.9198575 1307 838 1652 851 1305 873 1652 886
word 0.9185693 1170 535 1585 563 1165 580 1583 608
word 0.9490759 1032 742 1239 744 1030 785 1239 789
word 0.9084031 998 406 1686 423 995 481 1686 496
word 0.9727659 998 314 1686 331 995 389 1686 406
word 0.9469642 963 828 1204 830 961 879 1204 881
word 0.9053192 894 1527 1204 1529 892 1596 1204 1598
word 0.92606723 894 548 1135 550 892 598 1135 602
word 0.9570125 860 1748 1411 1753 858 1809 1411 1813
word 0.8529031 720 1365 998 1361 722 1413 998 1411
word 0.85208327 378 1421 690 1432 374 1525 688 1533
word 0.865915 344 1501 690 1507 339 1617 688 1624
word 0.9459584 309 716 516 716 307 770 516 770
word 0.9577869 240 808 826 826 238 851 826 869
word 0.97677296 206 1355 550 1368 204 1415 550 1426
word 0.88442785 172 608 860 621 169 656 860 668
word 0.69310844 135 1471 206 1469 137 1522 206 1520
