word 0.83819234 10592 6148 10861 6133 10608 6409 10869 6401
word 0.64349055 10592 1333 10987 1318 10608 1626 10995 1602
word 0.81232333 10600 5896 10861 5888 10608 6125 10861 6117
word 0.6661552 10608 5462 10869 5470 10592 5833 10861 5841
word 0.7868309 10608 142 10995 157 10592 473 10987 489
word 0.711102 10340 3725 10987 3694 10356 4088 10995 4057
word 0.71128625 10340 3196 10987 3165 10356 3496 10995 3465
word 0.659505 10356 2920 10608 2920 10348 3133 10608 3133
word 0.61091274 10356 4862 11003 4996 10308 5106 10987 5233
word 0.92871517 9835 2620 10987 2573 9850 2873 10995 2825
word 0.7988469 9590 505 10103 497 9598 884 10103 876
word 0.92086905 9085 5059 9977 5043 9093 5225 9977 5209
word 0.904813 8840 2146 10103 2162 8832 2344 10103 2368
word 0.97577417 7956 1057 10356 1081 7948 1310 10356 1333
word 0.96438366 7325 2139 8461 2154 7317 2336 8461 2352
word 0.95742095 7072 1294 8082 1302 7064 1515 8082 1515
word 0.7694166 6946 1641 7577 1649 6938 1839 7577 1839
word 0.98259276 6306 5920 10229 5912 6314 6125 10229 6117
word 0.88519 6306 5722 9345 5706 6314 5904 9345 5888
word 0.87638617 6298 1349 6567 1333 6314 1491 6575 1476
word 0.90470254 6314 6362 9219 6362 6306 6519 9219 6527
word 0.9922731 6314 6125 10103 6133 6306 6346 10103 6354
word 0.9696498 6314 5493 7830 5501 6306 5683 7830 5691
word 0.97955674 6314 6567 8840 6590 6306 6693 8840 6717
word 0.91381884 5683 2612 7198 2628 5675 2770 7198 2786
word 0.8973616 5556 2115 6946 2139 5549 2336 6946 2360
word 0.91832936 5430 1657 6440 1665 5422 1870 6440 1878
word 0.8738283 4917 1302 5935 1294 4925 1483 5935 1483
word 0.74559224 4159 5998 4672 5983 4167 6188 4672 6172
word 0.9549786 4159 2146 5051 2146 4167 2328 5051 2328
word 0.934726 4167 2620 5304 2620 4159 2833 5304 2833
word 0.970023 3915 228 6946 236 3907 568 6946 576
word 0.9193957 3915 647 6946 663 3907 970 6946 978
word 0.8252946 3654 5738 4799 5714 3662 5998 4799 5967
word 0.9178208 3536 1294 4546 1302 3528 1499 4546 1507
word 0.8978345 3402 6740 6062 6733 3409 7001 6062 6993
word 0.8482204 3275 5083 5178 5075 3283 5288 5178 5280
word 0.7158308 2517 2099 3536 2091 2525 2352 3536 2344
word 0.9767105 2139 1768 3662 1752 2146 1925 3662 1910
word 0.8287158 1641 5683 2660 5706 1626 6235 2652 6267
word 0.689352 1507 5256 2273 5249 1515 5414 2273 5414
word 0.9288134 1010 2107 1894 2107 1002 2336 1894 2344
word 0.91376644 505 5051 2146 5051 497 5256 2146 5256
word 0.9439573 505 1649 1641 1657 497 1847 1641 1854
word 0.855974 0 5501 631 5509 0 5770 631 5777
word 0.7725488 0 110 252 94 0 473 268 457
word 0.6576265 0 3125 252 3125 0 3378 252 3378
word 0.61342174 0 1326 252 1326 0 1586 252 1586
