word 0.7392096 10568 812 10959 804 10576 1083 10959 1075
word 0.7326274 10568 6172 10959 6164 10576 6475 10959 6467
word 0.7308938 10552 1967 10959 1943 10576 2301 10975 2277
word 0.7194075 10576 6761 10967 6769 10560 7088 10959 7104
word 0.89638364 10313 3241 10959 3225 10321 3496 10959 3488
word 0.9366845 10321 2970 10576 2970 10313 3185 10576 3193
word 0.70230925 10321 4914 10998 5049 10274 5145 10959 5280
word 0.80733883 9676 597 10194 597 9684 923 10194 915
word 0.8790916 9660 2763 10959 2636 9684 2978 10975 2851
word 0.9475688 9047 5145 9939 5160 9039 5304 9939 5320
word 0.97985935 8920 2182 10067 2214 8912 2405 10067 2437
word 0.9137993 8283 1250 10959 1258 8275 1481 10959 1481
word 0.942511 8020 1091 10449 1083 8028 1345 10449 1338
word 0.9171109 7637 2755 8537 2739 7645 2907 8537 2891
word 0.92147946 7000 1330 8028 1322 7008 1568 8028 1561
word 0.888509 6881 1712 7645 1720 6873 1951 7645 1959
word 0.7860784 6236 6451 6881 6427 6244 6626 6881 6602
word 0.8399142 6236 6658 8665 6650 6244 6801 8665 6793
word 0.9596669 6244 6005 10067 6013 6236 6188 10067 6204
word 0.9643683 6244 5583 7773 5599 6236 5758 7773 5774
word 0.96552 6116 5798 9302 5798 6108 6005 9302 6005
word 0.94270986 6116 1369 6626 1369 6108 1537 6626 1537
word 0.9309621 5591 1369 5989 1353 5606 1545 5997 1521
word 0.968413 5599 2715 7008 2707 5606 2843 7008 2843
word 0.90694916 5606 2166 6881 2190 5599 2373 6881 2397
word 0.9780747 5479 1696 6498 1704 5471 1911 6498 1919
word 0.974256 4961 1361 5479 1361 4969 1537 5479 1529
word 0.87129414 4205 2182 5097 2190 4197 2357 5097 2365
word 0.9438941 4077 2707 4842 2707 4069 2914 4842 2922
word 0.869973 3950 6021 4587 6021 3942 6236 4587 6244
word 0.95016855 3950 278 7008 302 3942 581 7008 605
word 0.903605 3950 676 7008 700 3942 1011 7008 1035
word 0.9694241 3687 5782 4714 5766 3695 6013 4714 5997
word 0.8779093 3568 1330 4587 1330 3560 1545 4587 1553
word 0.91664076 3440 6785 5989 6785 3432 7048 5989 7048
word 0.984463 3177 5137 5097 5129 3185 5352 5097 5344
word 0.9133407 3185 2166 3440 2166 3177 2389 3440 2389
word 0.80089486 2421 2699 2930 2707 2413 2899 2930 2907
word 0.8376098 2030 1823 3568 1807 2038 1967 3568 1951
word 0.98590654 1019 2166 1784 2166 1011 2373 1784 2373
word 0.9089849 892 2723 2293 2723 884 2899 2293 2899
word 0.9517197 509 5089 2038 5097 501 5296 2038 5304
word 0.9649665 509 1680 1656 1696 501 1895 1656 1919
word 0.62620556 0 6785 254 6769 0 7032 262 7016
word 0.8936178 0 5543 382 5543 0 5822 382 5814
word 0.68739665 0 1959 254 1959 0 2230 254 2230
word 0.6054006 0 111 262 119 0 477 254 493
