word 0.90104324 3383 782 3548 782 3386 890 3548 890
word 0.83737606 3329 1438 3709 1421 3333 1488 3709 1471
word 0.8949644 3171 1253 3548 1270 3168 1323 3548 1340
word 0.99242365 3114 2153 3386 2150 3118 2214 3386 2210
word 0.82852125 2953 1011 3118 1008 2956 1098 3118 1095
word 0.8585322 2792 178 3118 178 2795 265 3118 265
word 0.6250256 2738 2520 3118 2516 2741 2583 3118 2580
word 0.98968893 2741 356 3121 379 2735 423 3118 446
word 0.93949604 2688 1397 3010 1401 2684 1464 3010 1468
word 0.8822103 2688 1239 3064 1246 2684 1303 3064 1307
word 0.9891403 2630 954 3601 930 2634 1058 3601 1031
word 0.96580034 2254 2563 3279 2553 2257 2620 3279 2614
word 0.961482 2254 2496 3386 2486 2257 2553 3386 2543
word 0.97410893 2254 2425 3440 2419 2257 2486 3440 2479
word 0.9273512 2200 2634 3010 2607 2204 2698 3010 2671
word 0.81096554 2150 2973 2634 2980 2147 3020 2634 3020
word 0.9578005 2150 1196 2583 1209 2143 1290 2580 1307
word 0.8455244 2096 2284 2741 2288 2093 2345 2741 2348
word 0.94715023 2096 1374 2580 1384 2093 1431 2580 1441
word 0.86637545 2096 940 2526 957 2093 1008 2526 1024
word 0.9329553 2096 1048 2691 1078 2089 1132 2688 1159
word 0.8895738 2042 26 2906 84 2036 107 2903 164
word 0.83653736 1878 934 2042 930 1881 994 2042 987
word 0.7994211 1666 1196 1989 1202 1663 1249 1989 1256
word 0.9479785 1612 2825 2042 2825 1609 2903 2042 2903
word 0.9599878 1612 1347 1935 1357 1609 1424 1935 1434
word 0.8736244 1612 688 2640 756 1602 806 2634 870
word 0.91021967 1612 547 2640 621 1602 668 2634 742
word 0.9781599 1559 2950 2042 2963 1555 3017 2042 3020
word 0.8243865 1498 2388 1881 2368 1505 2472 1884 2452
word 0.79614985 1501 2439 1774 2432 1505 2530 1774 2523
word 0.9345054 1394 2708 2204 2691 1397 2815 2204 2795
word 0.9095989 1233 2160 1720 2157 1236 2231 1720 2227
word 0.67216223 1176 2822 1397 2808 1182 2889 1401 2876
word 0.92484593 1128 2929 1451 2936 1125 3000 1451 3007
word 0.95077837 860 1018 1397 1038 856 1085 1397 1102
word 0.7747439 588 2271 1021 2268 591 2436 1021 2429
word 0.8645615 584 2546 967 2533 591 2694 971 2681
word 0.7427605 537 1128 913 1135 534 1212 913 1219
word 0.8716116 537 2412 1078 2425 530 2577 1075 2593
word 0.9180966 483 238 1075 241 480 329 1075 332
word 0.93242943 483 302 752 312 480 366 752 376
word 0.9493743 430 1310 1182 1337 426 1380 1182 1407
word 0.97184426 372 2150 967 2143 376 2231 967 2224
word 0.96753263 376 954 806 967 372 1048 806 1058
word 0.6014328 215 984 322 984 211 1048 322 1048
