word 0.6643341 2826 388 3002 383 2828 473 3002 467
word 0.93354124 2741 949 3089 951 2739 1006 3089 1009
word 0.96804583 2611 794 2962 810 2605 862 2959 878
word 0.77072316 2524 1583 2785 1591 2521 1629 2785 1640
word 0.8697833 2350 595 2567 601 2347 660 2567 666
word 0.9068222 2219 794 2524 794 2216 840 2524 840
word 0.8563687 2175 922 2437 927 2173 976 2437 979
word 0.98979133 2124 554 2915 500 2132 633 2921 576
word 0.9746858 1740 1947 2437 1961 1738 2010 2437 2023
word 0.9761112 1740 753 2088 764 1738 829 2088 837
word 0.9628306 1740 1765 2875 1819 1735 1830 2872 1887
word 0.96967196 1740 1822 2831 1876 1735 1887 2828 1942
word 0.96610886 1740 1876 2483 1917 1735 1942 2480 1982
word 0.9673096 1610 894 2045 908 1607 949 2045 962
word 0.8763165 1479 543 2045 557 1476 595 2045 609
word 0.86762613 1349 753 1610 753 1346 796 1610 796
word 0.93423766 1305 353 2135 386 1300 443 2132 475
word 0.9631085 1305 244 2135 282 1300 329 2132 369
word 0.813777 1218 883 1523 889 1215 946 1523 949
word 0.8005313 1172 1770 1305 1770 1175 1816 1305 1814
word 0.8693524 1175 522 1436 530 1172 576 1436 584
word 0.9308301 1175 1691 1479 1702 1172 1748 1479 1759
word 0.9670826 957 1515 1175 1517 954 1577 1175 1577
word 0.8840184 913 715 1177 731 908 791 1175 805
word 0.97956085 563 1789 870 1784 565 1920 870 1914
word 0.98282224 522 1691 870 1694 519 1822 870 1822
word 0.94566315 522 1607 916 1621 516 1740 913 1754
word 0.8639912 478 699 739 701 475 767 739 769
word 0.92667085 391 568 1093 650 383 622 1087 704
word 0.9161359 348 845 913 870 345 900 913 924
word 0.9106274 304 1460 783 1471 301 1531 783 1539
