word 0.6636801 746 201 778 200 746 209 778 207
word 0.60739446 693 125 726 126 692 150 725 152
word 0.88616025 672 254 768 254 671 266 768 268
word 0.942115 639 402 704 401 640 412 704 412
word 0.90355396 640 225 725 226 639 238 725 238
word 0.7178931 736 230 799 297 635 447 778 513
word 0.8204842 543 225 629 225 544 237 629 237
word 0.9294364 542 169 736 160 544 186 736 177
word 0.92757654 544 252 608 252 543 266 608 266
word 0.89529973 469 450 714 456 468 462 714 468
word 0.874991 458 492 629 494 458 503 629 504
word 0.9480115 458 440 640 441 458 450 640 452
word 0.9743855 458 478 650 480 458 491 650 493
word 0.94764614 458 464 714 467 458 476 714 480
word 0.97889256 437 426 565 426 436 438 565 438
word 0.85259134 437 222 533 224 436 238 533 238
word 0.965904 426 252 522 252 426 264 522 264
word 0.9423141 352 222 416 223 351 236 416 236
word 0.9796027 341 131 533 134 340 154 533 157
word 0.97825027 341 107 533 111 340 128 533 132
word 0.9773399 330 455 384 455 330 468 384 468
word 0.87617373 330 442 394 442 330 460 394 460
word 0.82981575 330 251 405 251 330 265 405 265
word 0.83520836 330 504 469 504 330 520 469 521
word 0.8643546 320 172 490 174 319 184 490 186
word 0.91446126 276 401 362 400 277 414 362 413
word 0.78062415 149 214 213 216 148 230 213 232
word 0.8828014 128 398 234 398 127 413 234 413
word 0.8295736 128 248 266 252 127 259 266 264
word 0.9154691 117 188 299 197 116 201 298 210
