word 0.91929245 1278 430 1408 426 1280 454 1408 450
word 0.93488437 1256 188 1322 184 1258 228 1324 224
word 0.939446 1236 470 1365 468 1237 494 1365 492
word 0.81656295 1193 273 1344 272 1194 289 1344 288
word 0.9348015 1173 366 1322 368 1172 390 1322 392
word 0.9167608 1148 813 1194 806 1152 836 1197 829
word 0.9790796 1152 697 1258 697 1150 720 1258 721
word 0.60872954 1129 180 1173 178 1130 220 1173 220
word 0.9589964 1044 828 1280 822 1045 850 1280 845
word 0.9724347 1002 418 1109 420 1001 442 1109 444
word 0.9915736 1002 362 1130 364 1001 389 1130 392
word 0.9630535 1002 460 1109 462 1001 485 1109 486
word 0.7912157 1002 268 1132 277 1000 292 1130 300
word 0.9756247 937 240 1344 240 938 282 1344 282
word 0.9025105 830 862 1002 852 832 882 1002 873
word 0.9539585 810 836 1237 848 809 858 1237 870
word 0.96326065 810 785 1237 797 809 809 1237 821
word 0.9764465 810 760 1280 774 809 785 1280 798
word 0.91747105 788 305 981 305 789 330 981 330
word 0.95672303 789 354 960 357 788 388 960 392
word 0.9747231 766 740 1002 740 768 762 1002 762
word 0.96634233 768 453 938 454 766 474 938 476
word 0.8352089 617 356 746 356 618 382 746 382
word 0.98274225 597 404 746 408 596 430 746 436
word 0.9798078 597 136 960 144 596 180 960 186
word 0.96096003 597 182 960 190 596 224 960 232
word 0.977483 597 444 684 449 594 474 682 478
word 0.88749546 553 764 704 764 554 802 704 802
word 0.8260871 554 257 917 261 553 284 917 288
word 0.9552334 533 880 832 880 532 916 832 917
word 0.97128856 469 677 640 678 468 706 640 709
word 0.8050729 446 349 554 349 448 378 554 378
word 0.77265394 362 662 405 664 361 724 405 724
word 0.95853823 254 344 362 342 256 377 362 376
word 0.9115095 256 692 406 694 253 780 405 782
word 0.98050296 213 289 533 293 212 314 533 318
word 0.88350385 213 388 469 398 212 412 469 422
word 0.8929593 213 430 469 444 212 453 469 466
