word 0.9810586 2650 1450 2746 1446 2652 1501 2746 1499
word 0.9089637 2648 1371 2746 1369 2652 1446 2748 1442
word 0.90724874 2652 270 2746 270 2650 305 2746 305
word 0.79568046 2652 319 2748 323 2648 406 2746 410
word 0.9016616 2652 161 2750 167 2646 252 2746 258
word 0.79761577 2585 633 2746 627 2589 710 2748 704
word 0.7417811 2587 917 2746 917 2589 1012 2746 1010
word 0.7391139 2589 1195 2756 1221 2577 1264 2746 1290
word 0.63609177 2369 763 2746 657 2557 1430 2910 1324
word 0.70872533 2454 828 2746 781 2462 876 2752 830
word 0.9073307 2429 116 2525 114 2431 203 2525 201
word 0.86466426 2366 726 2683 724 2367 771 2683 769
word 0.88466054 2208 1326 2462 1324 2210 1371 2462 1371
word 0.9558214 2210 524 2525 528 2208 584 2525 588
word 0.8612449 2052 398 2115 400 2050 455 2115 457
word 0.9120687 1987 262 2589 256 1989 315 2589 309
word 0.96922886 1862 714 2083 716 1860 755 2083 757
word 0.94347966 1862 809 2083 811 1860 848 2083 850
word 0.97260803 1831 524 2115 526 1829 584 2115 586
word 0.8594962 1799 317 2243 349 1795 370 2241 402
word 0.8716984 1671 455 1799 455 1673 505 1799 503
word 0.9405141 1483 1422 1862 1428 1481 1468 1862 1474
word 0.89461386 1483 1631 2431 1657 1481 1677 2431 1702
word 0.99037415 1483 1525 2462 1549 1481 1576 2462 1600
word 0.98687774 1420 520 1736 524 1418 582 1736 586
word 0.8937859 1383 1367 1483 1355 1389 1418 1487 1408
word 0.7190912 1349 339 1483 323 1357 394 1489 378
word 0.97585714 1357 702 1704 702 1355 736 1704 736
word 0.9785774 1357 793 1704 795 1355 828 1704 830
word 0.8392209 1357 408 1641 410 1355 461 1641 463
word 0.82367265 1197 343 1326 343 1199 392 1326 390
word 0.8355628 1039 528 1294 524 1041 582 1294 578
word 0.95328146 1010 51 1736 57 1008 136 1736 142
word 0.98623693 978 682 1231 684 976 739 1231 741
word 0.9888882 978 779 1262 785 976 830 1262 836
word 0.89023846 978 147 1233 159 974 234 1231 246
word 0.9278692 945 1430 1105 1424 947 1489 1105 1483
word 0.84130704 947 1521 1073 1523 945 1576 1073 1578
word 0.89781266 915 317 1136 321 913 369 1136 372
word 0.95276403 884 1679 1547 1681 882 1742 1547 1744
word 0.80276513 789 517 886 520 785 576 884 580
word 0.8793425 726 1292 1294 1308 724 1341 1294 1355
word 0.6474339 627 522 757 517 631 582 759 576
word 0.9207026 566 769 726 765 568 820 726 816
word 0.8679286 568 676 694 678 566 722 694 722
word 0.83203 473 443 852 455 471 485 852 497
word 0.9601642 442 1355 741 1410 424 1452 726 1507
word 0.92491066 410 1566 696 1574 406 1653 694 1663
word 0.94222903 378 1474 726 1481 376 1564 726 1572
word 0.91475064 343 1418 536 1414 347 1505 538 1501
word 0.97599787 250 518 473 515 252 578 473 574
word 0.86842924 189 666 536 674 187 710 536 718
word 0.86626005 157 757 536 769 155 801 536 813
word 0.91881275 126 1247 536 1249 124 1308 536 1310
word 0.9645184 126 396 410 400 124 457 410 461
word 0.8641138 0 1347 157 1351 0 1438 157 1440
word 0.96643186 0 844 94 848 0 886 94 889
word 0.7068164 0 1213 94 1213 0 1280 94 1280
word 0.6255048 0 1053 96 1057 0 1134 94 1138
word 0.613396 0 1661 94 1659 0 1726 96 1722
word 0.646795 0 149 96 153 0 240 94 242
