word 0.62869453 2490 781 2683 741 2620 1414 2717 1375
word 0.9423002 2587 728 2652 728 2589 779 2652 779
word 0.9114007 2589 1209 2652 1211 2587 1264 2652 1264
word 0.7218318 2589 824 2658 830 2581 897 2652 903
word 0.9298939 2429 120 2525 118 2431 205 2525 203
word 0.92753184 2366 655 2683 647 2367 704 2683 696
word 0.9572342 2208 1260 2462 1260 2210 1302 2462 1302
word 0.94995195 2210 530 2525 536 2208 586 2525 591
word 0.94185346 1987 260 2589 258 1989 333 2589 329
word 0.9914862 1862 653 2083 655 1860 696 2083 698
word 0.9739613 1831 526 2115 528 1829 584 2115 586
word 0.9425506 1768 317 2115 329 1766 372 2115 384
word 0.8421525 1671 406 1799 404 1673 455 1799 453
word 0.99026954 1513 1474 2494 1472 1515 1527 2494 1525
word 0.6470511 1513 1588 1673 1586 1515 1629 1673 1627
word 0.9917576 1515 1529 2462 1529 1513 1580 2462 1582
word 0.9167052 1481 1426 2210 1426 1483 1472 2210 1470
word 0.9747554 1483 1639 2115 1639 1481 1679 2115 1681
word 0.8934257 1389 524 1736 526 1387 582 1736 586
word 0.9508733 1357 651 1736 651 1355 688 1736 688
word 0.9328754 1357 412 1641 412 1355 463 1641 463
word 0.9448894 1357 1369 1894 1371 1355 1418 1894 1420
word 0.85211366 1357 313 1641 321 1355 363 1641 370
word 0.9335862 1262 165 1736 165 1260 236 1736 238
word 0.9346261 1197 315 1326 313 1199 367 1326 365
word 0.86435056 1039 534 1294 530 1041 584 1294 580
word 0.963347 978 645 1168 645 976 702 1168 702
word 0.9041768 978 51 1736 55 976 136 1736 140
word 0.9424109 978 149 1233 157 974 236 1231 246
word 0.77927625 945 1481 1105 1478 947 1535 1105 1533
word 0.8149059 913 1432 1199 1428 915 1493 1199 1489
word 0.8457076 882 323 1136 323 884 374 1136 374
word 0.94903785 882 1685 1515 1683 884 1750 1515 1748
word 0.906018 726 1262 1073 1264 724 1314 1073 1314
word 0.73902833 631 522 884 522 629 586 884 586
word 0.89087886 471 430 852 430 473 467 852 465
word 0.90870404 250 1545 536 1545 252 1647 536 1645
word 0.93154526 248 1361 536 1355 252 1460 538 1454
word 0.97436076 252 524 473 524 250 582 473 584
word 0.86019385 252 1436 582 1485 236 1537 568 1586
word 0.9693103 155 1262 536 1262 157 1314 536 1314
word 0.91542435 157 653 694 655 155 696 694 698
word 0.945499 126 410 410 414 124 461 410 463
word 0.6018494 63 1584 157 1586 61 1679 157 1679
word 0.73382086 0 1363 94 1363 0 1446 94 1446
word 0.71379286 0 1513 157 1448 0 1614 191 1549
