word 0.74225163 2172 670 2224 672 2170 716 2224 716
word 0.6250174 1943 647 2276 525 2145 1193 2302 1071
word 0.7364561 2144 616 2224 613 2145 660 2224 657
word 0.69857943 2039 662 2172 657 2041 691 2172 686
word 0.83818334 2039 139 2145 139 2041 201 2145 199
word 0.7768774 2011 583 2250 565 2015 621 2252 603
word 0.9386225 1856 1064 2067 1063 1857 1095 2067 1094
word 0.9031947 1857 462 2119 464 1856 510 2119 511
word 0.73369837 1804 0 1936 0 1805 31 1936 31
word 0.9739556 1725 287 2224 286 1727 330 2224 328
word 0.98192394 1700 245 2172 251 1699 296 2172 300
word 0.779615 1568 587 1753 583 1570 621 1753 618
word 0.9028333 1568 660 1753 657 1570 691 1753 688
word 0.9430365 1542 466 1779 466 1543 508 1779 508
word 0.93085754 1491 294 1700 294 1489 341 1700 343
word 0.92683107 1413 382 1543 384 1411 425 1543 426
word 0.9914316 1280 1359 1779 1359 1282 1393 1779 1391
word 0.9148894 1282 1233 2093 1233 1280 1272 2093 1272
word 0.93423605 1282 1314 2041 1318 1280 1350 2041 1355
word 0.90802735 1282 1148 1596 1151 1280 1182 1596 1185
word 0.9610832 1256 1190 2093 1193 1254 1229 2093 1233
word 0.8945298 1203 464 1465 467 1202 508 1465 511
word 0.9750318 1149 659 1465 657 1151 686 1465 685
word 0.8723742 1148 1133 1256 1125 1151 1175 1257 1167
word 0.93943304 1151 583 1465 583 1149 610 1465 611
word 0.9162053 1151 371 1360 372 1149 415 1360 417
word 0.9015287 1072 163 1465 168 1071 227 1465 232
word 0.97651863 1046 304 1125 307 1045 341 1125 345
word 0.938909 888 471 1072 466 889 508 1072 505
word 0.907867 858 583 942 577 863 626 945 619
word 0.8521344 837 654 1072 655 835 696 1072 698
word 0.93589807 837 80 1491 85 835 145 1491 150
word 0.86614466 837 163 1046 168 835 227 1046 232
word 0.96992886 811 1238 994 1239 809 1285 994 1287
word 0.8957091 783 1187 994 1182 785 1236 994 1233
word 0.9473134 757 1391 1256 1383 758 1436 1256 1427
word 0.91690564 758 296 968 297 757 340 968 341
word 0.96712554 680 461 734 462 677 508 732 511
word 0.980444 652 1066 1020 1063 654 1112 1020 1108
word 0.97945935 628 0 1753 0 626 32 1753 34
word 0.7874674 547 462 628 461 549 511 628 511
word 0.8402899 497 654 628 657 495 695 628 698
word 0.8198275 497 580 601 583 495 619 601 623
word 0.8360028 417 405 732 405 418 435 732 435
word 0.70769393 312 1153 366 1153 314 1182 366 1182
word 0.8197875 286 1321 523 1318 287 1378 523 1375
word 0.81543803 287 1393 497 1393 286 1436 497 1437
word 0.9130048 260 1177 549 1177 261 1257 549 1257
word 0.9015376 209 459 392 459 207 508 392 508
word 0.8317789 181 588 471 585 183 623 471 619
word 0.80180573 183 662 471 662 181 695 471 696
word 0.96427745 129 1053 444 1053 130 1097 444 1097
word 0.90331393 130 368 366 368 129 407 366 408
word 0.67461085 78 1298 147 1313 60 1377 130 1391
