word 0.831414 983 40 1024 40 982 70 1024 71
word 0.8491658 954 254 1064 251 955 274 1064 271
word 0.96793234 900 487 1010 487 901 505 1010 505
word 0.9752636 901 198 1024 199 900 225 1024 226
word 0.92584294 885 116 1064 104 887 136 1065 126
word 0.9370784 803 102 996 93 805 126 997 116
word 0.9421032 764 256 860 256 763 274 860 274
word 0.97945726 750 203 860 203 750 226 860 225
word 0.96805173 721 123 860 116 723 145 861 139
word 0.8819679 682 157 737 158 681 183 737 183
word 0.97031033 641 682 764 686 640 697 764 700
word 0.86006826 627 696 942 693 628 715 942 714
word 0.96518844 627 552 928 551 628 570 928 570
word 0.9766912 628 613 914 615 627 630 914 632
word 0.9809603 628 571 1024 573 627 591 1024 593
word 0.951652 628 591 1024 594 627 610 1024 613
word 0.7657125 628 632 873 636 627 645 873 650
word 0.8663262 573 203 709 205 572 226 709 228
word 0.987572 573 528 778 532 572 547 778 552
word 0.7141348 558 129 669 129 559 145 669 145
word 0.9919269 558 256 709 254 559 273 709 273
word 0.9585089 558 158 669 157 559 184 669 183
word 0.77388453 490 128 546 128 491 147 546 146
word 0.76488763 436 208 532 208 436 228 532 229
word 0.98556674 423 256 518 257 422 279 518 279
word 0.692533 423 682 505 686 422 704 505 706
word 0.93119013 408 25 709 20 409 58 709 53
word 0.9036184 409 575 491 576 408 595 491 595
word 0.89902675 395 551 505 549 395 578 505 577
word 0.9609569 381 128 477 128 382 150 477 150
word 0.9485393 381 646 628 645 382 675 628 674
word 0.82621396 341 208 368 208 340 232 368 232
word 0.9701246 326 489 546 488 327 512 546 512
word 0.6020439 286 207 328 209 285 231 327 232
word 0.9747257 217 174 368 173 218 192 368 192
word 0.81644577 176 588 300 587 177 631 300 628
word 0.9457284 176 517 286 516 177 560 286 559
word 0.95242417 163 555 300 557 162 600 300 602
word 0.9804223 135 210 218 209 136 235 218 234
word 0.93446815 109 261 300 261 108 278 300 278
word 0.96159595 94 486 259 486 95 512 259 512
word 0.93863356 94 167 204 166 95 190 204 189
