word 0.8079957 1193 274 1228 273 1194 291 1228 291
word 0.7786688 1160 612 1196 617 1157 631 1194 636
word 0.72387177 1106 140 1160 136 1109 180 1162 176
word 0.9533003 1091 380 1194 378 1092 398 1194 396
word 0.9843148 1024 316 1143 318 1022 344 1143 347
word 0.92114633 1005 643 1109 638 1006 660 1109 654
word 0.92018336 1006 210 1178 216 1004 240 1177 246
word 0.9577249 921 195 1177 195 920 227 1177 227
word 0.8112016 853 379 972 379 852 397 972 397
word 0.9438932 853 315 989 316 852 341 989 342
word 0.9753078 818 216 989 211 819 246 989 242
word 0.9474721 698 762 1126 750 699 784 1126 772
word 0.95885706 698 714 1024 711 699 738 1024 733
word 0.9690104 698 739 1126 730 699 760 1126 750
word 0.9875967 665 312 802 312 664 340 802 341
word 0.9940319 648 375 802 377 647 395 802 396
word 0.92492634 648 260 853 264 647 285 853 290
word 0.90621495 648 675 699 677 647 700 699 702
word 0.88541615 596 809 955 804 597 829 955 823
word 0.85177684 579 224 785 221 580 247 785 244
word 0.88635355 510 314 614 314 512 337 614 337
word 0.97447085 493 100 819 92 494 141 819 134
word 0.9205658 476 147 819 142 477 188 819 183
word 0.84479666 477 374 614 374 476 396 614 397
word 0.901935 459 730 546 729 460 757 546 756
word 0.8908228 459 700 580 698 460 730 580 728
word 0.9252387 442 805 597 801 443 841 597 837
word 0.94214636 443 219 563 221 442 244 563 246
word 0.87242943 392 307 426 307 391 336 426 337
word 0.871361 375 634 529 634 374 658 529 658
word 0.8025212 324 305 375 305 323 336 375 336
word 0.990633 256 267 426 270 254 290 426 293
word 0.9280004 180 756 324 732 187 795 330 773
word 0.9719964 165 710 324 696 170 761 328 746
word 0.9071937 169 662 324 661 170 714 324 712
word 0.8643166 135 301 256 300 136 330 256 329
word 0.95923245 119 366 358 372 118 388 358 393
word 0.95304185 102 619 290 620 101 651 290 652
word 0.9769594 33 251 221 245 34 278 221 273
