word 0.9117825 1129 134 1194 133 1130 174 1194 172
word 0.9602348 1129 372 1258 368 1130 390 1258 386
word 0.9612692 1065 633 1173 633 1066 653 1173 653
word 0.8950078 1045 312 1194 312 1044 333 1194 334
word 0.8826178 981 765 1046 772 978 785 1045 792
word 0.92908156 938 190 1237 201 937 222 1237 233
word 0.95893115 894 370 1002 369 896 390 1002 390
word 0.75756174 873 312 1024 312 874 334 1024 334
word 0.9486068 852 220 960 216 853 244 960 240
word 0.9611288 745 733 1194 730 746 754 1194 752
word 0.9780717 745 710 1194 708 746 732 1194 729
word 0.92903227 745 761 1194 753 746 781 1194 773
word 0.9828788 745 782 1130 780 746 804 1130 801
word 0.9327294 682 310 832 312 681 334 832 337
word 0.8951671 661 370 853 370 660 389 853 389
word 0.8455774 661 260 896 264 660 284 896 286
word 0.95120853 661 682 917 688 660 705 917 710
word 0.7967966 597 221 789 222 596 245 789 246
word 0.8325334 510 377 640 372 512 398 640 394
word 0.8078337 512 312 640 314 510 334 640 337
word 0.89815414 489 150 832 149 490 188 832 186
word 0.9515428 489 108 832 106 490 144 832 142
word 0.7193132 490 740 597 740 489 762 597 762
word 0.74540454 469 708 597 708 468 738 597 738
word 0.9246049 445 829 1024 794 448 854 1025 821
word 0.7350821 448 224 576 225 446 245 576 246
word 0.9840779 404 644 554 641 405 666 554 665
word 0.7915767 341 310 469 310 340 344 469 344
word 0.9100892 190 704 341 702 192 769 341 768
word 0.7700098 192 672 341 673 190 717 341 720
word 0.9749541 170 314 277 314 169 345 277 345
word 0.95531154 148 377 384 377 149 398 384 398
word 0.9248931 126 269 256 268 128 290 256 290
word 0.97062737 126 634 320 632 128 665 320 662
