word 0.9592545 1513 37 1557 37 1514 73 1557 73
word 0.8670169 1501 53 1557 45 1514 144 1569 137
word 0.82365453 1514 305 1558 308 1512 346 1557 348
word 0.7804369 1454 4 1578 0 1472 501 1594 497
word 0.8522563 1429 738 1474 746 1425 760 1472 768
word 0.9102779 1300 465 1472 458 1301 486 1472 480
word 0.94647926 1237 769 1386 769 1236 793 1386 794
word 0.8598709 1216 392 1386 396 1214 420 1386 424
word 0.9616454 1045 461 1173 462 1044 484 1173 484
word 0.88360023 1024 397 1173 397 1022 420 1173 420
word 0.91462976 978 282 1472 260 981 317 1473 294
word 0.9474999 853 926 1194 933 852 952 1194 957
word 0.93770766 853 898 1386 909 852 922 1386 934
word 0.9662479 853 949 1194 958 852 973 1194 982
word 0.9469771 853 866 1386 881 852 894 1386 909
word 0.9201951 810 389 981 394 809 420 981 424
word 0.8918999 788 333 1045 333 789 362 1045 362
word 0.92574924 789 457 981 462 788 476 981 481
word 0.8204632 768 813 1066 822 766 840 1066 849
word 0.92962056 702 290 938 289 704 313 938 313
word 0.72123027 617 397 746 394 618 420 746 417
word 0.9335207 597 202 1002 205 596 248 1002 249
word 0.98677284 597 153 981 156 596 194 981 197
word 0.77840656 597 457 746 462 596 480 746 484
word 0.95252925 574 869 704 869 576 900 704 898
word 0.933649 553 290 682 290 554 314 682 313
word 0.8345184 553 841 704 841 554 873 704 873
word 0.9780331 533 966 853 972 532 1008 853 1014
word 0.95802647 469 758 661 760 468 786 661 788
word 0.61213565 426 386 533 388 425 420 533 421
word 0.94830054 192 454 448 456 190 474 448 476
word 0.9016157 192 892 329 913 181 954 320 976
word 0.9169264 170 332 320 333 169 357 320 358
word 0.8532222 149 750 362 750 148 778 362 778
word 0.80591285 126 845 320 845 128 926 320 926
word 0.847695 126 813 170 813 128 834 170 834
