word 0.7372975 5193 2393 5319 2397 5190 2491 5319 2495
word 0.7453886 5115 1372 5381 1372 5131 2808 5393 2808
word 0.81844825 4818 226 5068 234 4814 371 5068 375
word 0.78155893 4748 1278 5444 1243 4755 1380 5448 1345
word 0.954916 4439 2487 4943 2487 4443 2577 4943 2573
word 0.9598918 4443 1020 5068 1028 4439 1138 5068 1145
word 0.9695815 4004 481 5256 496 4001 606 5256 621
word 0.92056316 3754 1290 4192 1290 3750 1361 4192 1364
word 0.9062637 3625 1024 4255 1024 3629 1138 4255 1138
word 0.9063687 3504 610 4004 614 3500 715 4004 719
word 0.8075902 3379 770 3692 770 3375 876 3692 876
word 0.99301314 2999 3031 4943 3027 3003 3136 4943 3132
word 0.9365735 2999 2827 4443 2823 3003 2917 4443 2913
word 0.98848665 2999 3254 4255 3254 3003 3328 4255 3328
word 0.7186157 2999 3152 3316 3148 3003 3234 3316 3226
word 0.9909167 2815 1024 3441 1024 2812 1145 3441 1145
word 0.9589776 2753 2710 3754 2718 2749 2804 3754 2812
word 0.7249306 2753 614 3316 633 2749 692 3316 707
word 0.86116797 2686 1286 3441 1286 2690 1349 3441 1349
word 0.8643881 2690 790 3254 790 2686 903 3254 903
word 0.8635434 2377 594 2628 594 2374 711 2628 715
word 0.9462971 2123 1040 2565 1028 2127 1142 2565 1130
word 0.98683673 1998 1271 2503 1267 2002 1380 2503 1376
word 0.860184 2002 277 3504 293 1998 441 3504 457
word 0.900859 1935 2941 2190 2941 1939 3042 2190 3042
word 0.9383431 1939 82 3504 89 1935 234 3504 242
word 0.89664865 1873 2839 2377 2831 1877 2952 2377 2945
word 0.97003907 1748 3340 3003 3336 1752 3469 3003 3465
word 0.9280908 1752 610 2252 617 1748 719 2252 727
word 0.8334863 1564 1016 1752 1024 1560 1134 1752 1142
word 0.936962 1497 2503 2565 2503 1501 2604 2565 2604
word 0.75105387 1314 1016 1501 1020 1310 1138 1501 1142
word 0.9605234 1185 1271 1627 1271 1188 1376 1627 1376
word 0.8463904 930 2956 1126 2948 938 3081 1130 3074
word 0.85250074 934 833 1689 829 938 895 1689 895
word 0.8001369 684 2565 1001 2565 688 2659 1001 2655
word 0.8436242 621 3015 1063 3011 625 3218 1063 3211
word 0.9216752 551 2651 1063 2628 563 2855 1071 2831
word 0.970829 496 1024 938 1020 500 1138 938 1134
word 0.92627466 488 2812 1188 2788 500 3035 1196 3007
word 0.949034 371 1294 1126 1290 375 1368 1126 1364
word 0.9199044 250 2495 1063 2495 246 2600 1063 2604
word 0.98474884 250 778 813 786 246 899 813 907
word 0.66089666 121 3152 312 3148 125 3328 312 3324
word 0.76007223 125 2839 387 2948 46 3031 312 3140
word 0.66016865 0 2694 187 2698 0 2874 187 2878
word 0.8518344 0 2988 250 2988 0 3164 250 3164
