word 0.67966247 2161 529 2271 520 2168 595 2275 587
word 0.7952834 2166 909 2409 899 2168 944 2409 935
word 0.9534527 2030 793 2271 798 2028 836 2271 841
word 0.9791708 2030 1329 2237 1337 2028 1372 2237 1378
word 0.9751045 1994 1516 2237 1503 1996 1555 2237 1542
word 0.90344274 1892 1538 2271 1542 1890 1581 2271 1585
word 0.981631 1892 638 2340 649 1890 673 2340 684
word 0.96028644 1789 950 1961 952 1787 987 1961 991
word 0.83873796 1789 879 1996 886 1787 920 1996 927
word 0.8964943 1755 774 1998 785 1751 823 1996 834
word 0.9681561 1718 619 2340 604 1720 664 2340 649
word 0.9450238 1544 1415 1824 1393 1548 1451 1826 1430
word 0.9636587 1514 1477 2271 1477 1512 1518 2271 1518
word 0.99058706 1514 1542 2239 1585 1510 1583 2237 1626
word 0.9238664 1445 761 1686 772 1443 806 1686 815
word 0.93298084 1411 864 1720 871 1408 897 1720 905
word 0.79356986 1411 684 1755 696 1408 727 1755 739
word 0.9540975 1411 922 1720 942 1408 957 1720 976
word 0.9058887 1376 1361 1656 1393 1370 1400 1652 1432
word 0.7893933 1307 619 1652 636 1305 656 1652 675
word 0.80560225 1170 752 1376 755 1168 798 1376 800
word 0.9800844 1170 914 1376 920 1168 952 1376 957
word 0.96821934 1170 843 1376 851 1168 886 1376 894
word 0.968658 1170 421 1723 449 1165 481 1720 511
word 0.96408546 1170 486 1723 514 1165 557 1720 582
word 0.7542106 1099 1447 1239 1447 1101 1492 1239 1492
word 0.9548811 1101 604 1273 606 1099 643 1273 645
word 0.97766876 1066 1385 1273 1387 1064 1447 1273 1449
word 0.656513 998 731 1066 731 995 787 1066 787
word 0.8828513 998 1578 1514 1593 995 1641 1514 1656
word 0.94754565 791 660 1066 677 789 696 1066 712
word 0.9346179 722 1254 1275 1273 718 1314 1273 1335
word 0.90583414 585 712 791 714 582 761 791 763
word 0.93489766 550 804 965 828 546 845 963 869
word 0.89336747 550 871 1000 897 546 909 998 937
word 0.88868153 516 619 759 636 511 666 757 681
word 0.941467 481 1234 722 1239 479 1286 722 1290
word 0.6453264 410 1447 481 1447 413 1546 481 1546
