word 0.83727866 2845 577 3010 574 2849 638 3010 635
word 0.9047677 2738 2704 3010 2694 2741 2755 3010 2745
word 0.91747165 2741 2086 2849 2089 2738 2184 2849 2184
word 0.6056312 2634 3642 2751 3665 2620 3692 2741 3716
word 0.7485812 2526 2543 2849 2546 2523 2597 2849 2600
word 0.85284626 2526 3366 2795 3370 2523 3423 2795 3427
word 0.7419962 2415 806 2634 806 2419 860 2634 860
word 0.9021858 2362 329 2634 319 2365 393 2634 383
word 0.82121915 2200 1380 2580 1377 2204 1444 2580 1444
word 0.8326146 2197 806 2365 796 2204 873 2368 863
word 0.9457542 2147 2701 2365 2701 2150 2755 2365 2755
word 0.75172675 2042 3561 2580 3571 2039 3612 2580 3622
word 0.88206464 1985 2328 2795 2281 1989 2382 2795 2335
word 0.79300696 1985 1753 2311 1753 1989 1807 2311 1807
word 0.6931602 1985 420 2526 403 1989 477 2526 463
word 0.9269371 1932 255 2688 252 1935 329 2688 325
word 0.7348301 1932 873 2311 870 1935 924 2311 917
word 0.86260414 1878 1680 2472 1673 1881 1780 2472 1777
word 0.8021454 1824 3837 2472 3800 1827 3884 2472 3843
word 0.85050577 1824 1310 2150 1307 1827 1360 2150 1357
word 0.87309104 1770 3645 2311 3635 1774 3699 2311 3689
word 0.9182669 1770 3706 2849 3679 1774 3763 2849 3736
word 0.98187757 1770 3766 2580 3739 1774 3827 2580 3800
word 0.81208104 1774 3581 2849 3632 1770 3635 2849 3682
word 0.9006529 1663 598 2580 574 1666 665 2580 638
word 0.88996863 1666 1562 2472 1562 1663 1646 2472 1646
word 0.9535581 1609 708 2580 678 1612 772 2580 745
word 0.9432889 1609 544 2580 530 1612 608 2580 594
word 0.8833835 1609 641 2580 631 1612 705 2580 692
word 0.834536 1612 2556 1935 2560 1609 2617 1935 2620
word 0.86854637 1555 2708 1989 2704 1559 2755 1989 2751
word 0.8221652 1559 2429 2042 2432 1555 2493 2042 2493
word 0.89157254 1448 1764 1774 1747 1451 1827 1774 1811
word 0.7397555 1394 2338 1505 2335 1397 2388 1505 2385
word 0.7860913 1394 3887 1720 3874 1397 3954 1720 3941
word 0.8706708 1340 1488 2688 1454 1344 1569 2688 1532
word 0.85960674 1340 1562 1612 1559 1344 1626 1612 1622
word 0.61273926 1340 1632 1559 1626 1344 1686 1559 1676
word 0.8532162 1344 883 1774 883 1340 927 1774 927
word 0.88719785 1344 1703 1559 1703 1340 1757 1559 1760
word 0.9443552 1182 2563 1451 2567 1179 2627 1451 2630
word 0.79996383 1125 2721 1397 2721 1128 2775 1397 2775
word 0.9201363 1125 2150 1935 2136 1128 2247 1935 2237
word 0.85312945 1071 3598 1397 3585 1075 3669 1397 3655
word 0.61596966 1075 3648 1290 3655 1071 3736 1290 3743
word 0.62381566 1018 2345 1290 2345 1021 2395 1290 2392
word 0.89685476 1021 215 1827 215 1018 325 1827 325
word 0.91660106 910 1774 1128 1764 913 1837 1128 1827
word 0.64911157 856 823 1505 816 860 880 1505 873
word 0.63266903 856 1414 1236 1414 860 1475 1236 1471
word 0.7326558 856 3423 1505 3396 860 3487 1505 3460
word 0.83676827 752 2570 967 2573 749 2647 967 2651
word 0.9678769 534 2476 967 2472 537 2536 967 2530
word 0.9531926 426 1518 1290 1505 430 1579 1290 1565
word 0.7983641 430 551 752 551 426 601 752 601
word 0.7939249 369 3652 752 3642 376 3803 756 3796
word 0.7791834 265 682 1559 675 268 732 1559 729
word 0.8166358 268 2583 537 2587 265 2654 537 2654
word 0.6214086 268 1344 376 1347 265 1404 376 1404
word 0.82930946 215 467 1021 470 211 517 1021 517
word 0.88205975 215 739 483 742 211 803 483 806
word 0.88277155 215 1693 1021 1713 211 1753 1021 1774
word 0.9026171 157 3417 591 3410 161 3494 591 3484
word 0.9319939 157 2738 913 2721 161 2802 913 2785
word 0.7476256 104 1656 1290 1639 107 1710 1290 1693
word 0.7610003 104 1784 483 1774 107 1848 483 1837
word 0.823143 50 278 913 275 53 346 913 339
word 0.7993587 50 897 752 893 53 950 752 950
word 0.6506585 53 1575 1182 1579 50 1629 1182 1632
word 0.609108 0 3635 164 3652 0 3682 161 3699
word 0.88902885 0 2462 483 2452 0 2530 483 2520
