word 0.6894336 1242 938 1278 932 1245 952 1278 946
word 0.83247924 1125 402 1194 401 1126 433 1194 432
word 0.7367334 1109 94 1178 97 1107 133 1177 135
word 0.83720386 1075 354 1194 355 1074 387 1194 388
word 0.8877095 988 295 1160 295 989 328 1160 328
word 0.8994448 989 654 1126 656 988 683 1126 684
word 0.9623865 886 161 1211 160 887 200 1211 199
word 0.76179975 819 397 904 398 818 424 904 425
word 0.895151 801 296 955 295 802 326 955 326
word 0.90558773 802 355 938 355 801 380 938 381
word 0.7592776 768 192 921 193 766 225 921 226
word 0.9506497 716 747 1127 765 714 776 1126 794
word 0.9091709 665 720 1144 741 663 748 1143 771
word 0.95129436 648 771 1127 793 646 798 1126 821
word 0.874069 631 797 1024 812 630 823 1024 839
word 0.857804 597 294 768 295 596 323 768 325
word 0.9072761 578 238 802 228 580 267 803 258
word 0.9322341 579 701 819 701 580 725 819 724
word 0.6049216 443 842 631 848 442 875 631 881
word 0.73184454 408 298 529 296 409 322 529 320
word 0.95277286 391 115 768 113 392 158 768 156
word 0.92468095 392 62 768 64 391 107 768 108
word 0.9566588 375 349 750 350 374 373 750 374
word 0.8324075 340 192 733 184 341 222 733 214
word 0.6213186 273 637 443 640 272 663 443 665
word 0.60508895 238 292 341 293 237 325 341 326
word 0.90098834 67 784 204 782 68 835 204 835
word 0.90578866 66 698 204 694 68 747 205 743
word 0.9564791 68 729 222 733 66 791 221 796
word 0.9323111 50 293 153 290 51 324 153 321
word 0.95614105 0 385 273 389 0 414 273 419
word 0.9014044 0 630 188 636 0 658 187 665
word 0.8911663 0 237 375 234 0 264 375 262
word 0.9035643 0 343 256 347 0 366 256 372
