word 0.6340474 2659 1347 2722 1347 2657 1425 2722 1425
word 0.64191854 2587 760 2722 747 2596 846 2729 835
word 0.68351233 2465 715 2690 680 2565 1366 2749 1333
word 0.6456664 2561 610 2722 604 2565 690 2724 682
word 0.8557974 2407 101 2534 99 2409 187 2534 185
word 0.96094227 2409 633 2503 635 2407 666 2503 668
word 0.97321033 2221 506 2503 506 2219 559 2503 559
word 0.7501719 2156 281 2534 275 2158 316 2534 310
word 0.78589296 2158 1239 2315 1239 2156 1276 2315 1276
word 0.9939998 2063 240 2565 234 2065 301 2565 295
word 0.9173561 1939 269 2127 269 1937 322 2127 322
word 0.891672 1812 512 2127 506 1814 565 2127 561
word 0.8688007 1781 645 2033 645 1783 684 2033 684
word 0.94215053 1752 299 2033 307 1750 353 2033 363
word 0.8239416 1562 316 1627 314 1564 350 1627 348
word 0.9856871 1437 1521 2065 1515 1439 1568 2065 1564
word 0.94039226 1437 1458 2002 1456 1439 1517 2002 1515
word 0.9653246 1437 1409 2440 1400 1439 1462 2440 1452
word 0.98122644 1406 510 1720 510 1407 569 1720 569
word 0.97543555 1374 1355 1846 1353 1376 1407 1846 1406
word 0.97603315 1343 393 1752 387 1345 451 1752 445
word 0.9597554 1280 647 1658 643 1282 682 1658 678
word 0.8827525 1030 516 1282 514 1032 569 1282 567
word 0.94523317 967 39 1752 39 969 121 1752 121
word 0.90617007 969 142 1720 144 967 224 1720 226
word 0.85406137 905 1415 1188 1413 907 1474 1188 1472
word 0.9065522 907 643 1220 643 905 694 1220 694
word 0.89750606 907 1480 1063 1480 905 1527 1063 1529
word 0.9660204 874 1668 1501 1666 876 1732 1501 1730
word 0.95492524 874 308 1501 305 876 357 1501 353
word 0.6411661 782 506 878 510 778 565 876 569
word 0.7201986 688 1255 844 1257 686 1302 844 1304
word 0.630253 625 508 719 510 623 569 719 571
word 0.84802145 217 512 469 510 219 572 469 569
word 0.9511243 123 655 657 651 125 700 657 696
word 0.90819836 125 1247 531 1251 123 1302 531 1306
word 0.97106105 125 396 752 428 121 443 750 475
word 0.6343806 87 1568 156 1564 93 1664 160 1660
word 0.6758576 0 320 62 320 0 385 62 383
word 0.7008796 0 168 62 166 0 232 62 232
word 0.81577617 0 1366 156 1368 0 1429 156 1431
word 0.8035381 0 766 62 766 0 831 62 833
