word 0.6739445 2659 33 2722 33 2657 123 2722 125
word 0.7270067 2596 1216 2733 1247 2583 1267 2722 1300
word 0.92722267 2438 657 2722 653 2440 705 2722 700
word 0.92038274 2409 129 2536 132 2405 215 2534 220
word 0.89949816 2219 1257 2409 1255 2221 1294 2409 1290
word 0.8836975 2221 537 2534 539 2219 590 2534 592
word 0.96031207 2002 269 2628 285 2000 328 2628 344
word 0.98486215 1877 659 2096 660 1875 698 2096 698
word 0.8298869 1814 531 2127 535 1812 580 2127 584
word 0.800677 1752 318 2129 334 1748 375 2127 391
word 0.9446406 1689 408 1814 410 1687 455 1814 457
word 0.96203244 1499 1474 2503 1472 1501 1521 2503 1521
word 0.95551735 1499 1423 2284 1419 1501 1472 2284 1468
word 0.9230956 1501 1636 2127 1640 1499 1675 2127 1679
word 0.98647344 1501 1521 2471 1525 1499 1576 2471 1582
word 0.98929846 1501 1578 2127 1583 1499 1627 2127 1630
word 0.9708662 1407 529 1720 533 1406 582 1720 586
word 0.87922275 1376 322 1627 326 1374 365 1627 367
word 0.9571216 1343 1364 1908 1364 1345 1415 1908 1413
word 0.94227546 1345 653 1752 655 1343 692 1752 694
word 0.84955496 1345 410 1627 412 1343 465 1627 467
word 0.9014049 1220 318 1314 320 1218 363 1314 365
word 0.8394374 1032 531 1282 533 1030 578 1282 580
word 0.95550644 969 651 1251 651 967 703 1251 703
word 0.9189447 969 52 1752 58 967 136 1752 140
word 0.9134813 969 156 1752 164 967 236 1752 244
word 0.79131556 936 1482 1126 1476 938 1537 1126 1531
word 0.9692449 874 1683 1470 1683 876 1742 1470 1742
word 0.8728994 876 320 1126 322 874 371 1126 373
word 0.72041416 782 522 876 524 780 576 876 578
word 0.9738883 748 1261 1001 1259 750 1314 1001 1312
word 0.84735775 657 520 719 522 655 578 719 580
word 0.9789558 467 434 844 432 469 475 844 475
word 0.9689145 310 1407 563 1406 312 1507 563 1505
word 0.91872877 281 1564 473 1574 275 1654 469 1664
word 0.9040077 228 1396 531 1335 250 1492 551 1431
word 0.8390585 219 520 469 520 217 578 469 578
word 0.9089774 154 662 719 660 156 700 719 698
word 0.89232624 125 1251 531 1253 123 1302 531 1306
word 0.96376395 125 404 406 408 123 455 406 459
word 0.87094545 0 1355 125 1349 0 1441 127 1435
word 0.65667695 0 1664 93 1666 0 1736 93 1736
word 0.6692081 0 772 62 772 0 836 62 836
