word 0.7717099 1536 783 1596 777 1541 825 1598 819
word 0.8413205 1539 3 1577 3 1541 40 1577 40
word 0.62477744 1537 872 1596 869 1541 911 1598 908
word 0.8360275 1541 76 1577 76 1539 130 1577 130
word 0.6906405 1541 255 1598 259 1537 302 1596 307
word 0.7499662 1500 520 1596 515 1504 572 1598 567
word 0.6165272 1504 678 1598 684 1500 725 1596 731
word 0.91643596 1392 364 1596 353 1394 400 1597 388
word 0.90803695 1394 52 1467 53 1393 103 1467 104
word 0.906035 1301 720 1449 717 1302 741 1449 739
word 0.95007324 1302 152 1541 152 1301 183 1541 183
word 0.9077876 1284 293 1467 294 1283 322 1467 324
word 0.9246534 1154 139 1449 131 1155 174 1449 167
word 0.7694232 1081 373 1229 372 1082 399 1229 397
word 0.89850557 1027 170 1174 171 1026 205 1174 206
word 0.9354307 971 227 1064 227 972 260 1064 260
word 0.97868395 897 880 1467 873 898 912 1467 905
word 0.93768805 897 950 1247 942 898 971 1247 963
word 0.98497254 897 854 1467 841 898 882 1467 870
word 0.9797007 897 916 1375 907 898 943 1375 934
word 0.9786326 897 823 1320 815 898 854 1320 846
word 0.90001714 807 296 990 296 806 330 990 330
word 0.9457734 787 379 1009 376 788 399 1009 395
word 0.98822963 787 227 935 227 788 260 935 260
word 0.9221863 696 180 954 177 697 207 954 205
word 0.887174 696 973 880 972 697 1004 880 1003
word 0.96764916 604 302 733 299 605 333 733 330
word 0.932588 585 868 678 866 587 896 678 896
word 0.9213998 567 83 1009 81 568 130 1009 128
word 0.96620196 567 25 1009 20 568 73 1009 68
word 0.87375313 567 380 733 378 568 412 733 410
word 0.7694369 549 826 678 826 550 859 678 859
word 0.7865598 512 973 678 970 513 1015 678 1012
word 0.941917 513 182 660 182 512 210 660 210
word 0.9673629 457 740 770 733 458 771 770 764
word 0.77313966 440 299 495 300 439 333 495 334
word 0.766187 366 300 421 300 365 334 421 335
word 0.90902835 348 386 477 387 347 413 477 415
word 0.9665753 274 261 495 257 275 282 495 278
word 0.98417574 181 859 385 854 183 917 386 911
word 0.8097314 181 903 385 898 183 971 386 966
word 0.9159655 183 824 385 827 182 874 385 878
word 0.95397276 128 303 256 303 127 339 256 339
word 0.9293464 108 396 330 391 110 421 330 416
word 0.96074015 72 731 311 730 73 763 311 762
word 0.95029175 73 237 238 239 72 267 238 268
word 0.70465666 0 454 36 452 0 490 36 489
word 0.6508176 0 628 36 627 0 662 37 660
word 0.8533328 0 106 36 105 0 141 36 141
word 0.8625082 0 800 73 798 0 837 73 835
word 0.6289512 0 880 73 881 0 929 73 931
word 0.70906013 0 191 36 190 0 228 36 227
