word 0.9057717 1193 149 1258 148 1194 185 1258 184
word 0.8271488 1172 378 1322 374 1173 398 1322 394
word 0.9577276 1108 324 1258 324 1109 348 1258 348
word 0.8999683 1108 641 1237 640 1109 666 1237 665
word 0.9814425 1001 210 1280 204 1002 248 1280 241
word 0.89255255 960 328 1088 328 958 348 1088 349
word 0.91857034 937 382 1066 382 938 409 1066 408
word 0.89565784 914 241 1045 233 917 266 1046 258
word 0.96436787 853 813 1088 817 852 834 1088 837
word 0.9889244 809 774 1237 758 810 798 1237 782
word 0.9232255 810 793 1109 794 809 816 1109 816
word 0.7274487 788 825 874 822 789 848 874 845
word 0.94045585 788 750 1237 736 789 773 1237 758
word 0.9759389 788 728 1130 717 789 750 1130 741
word 0.98828906 745 706 981 702 746 730 981 728
word 0.9720887 724 390 896 390 725 410 896 410
word 0.8933346 724 284 917 282 725 306 917 306
word 0.97605145 596 344 704 342 597 368 704 368
word 0.969599 553 136 896 128 554 174 896 166
word 0.9681073 553 740 682 738 554 766 682 765
word 0.98400915 553 765 661 762 554 793 661 789
word 0.90590435 553 398 682 397 554 425 682 424
word 0.9404995 553 180 896 169 554 221 896 212
word 0.9370441 532 852 832 842 533 885 832 876
word 0.9126332 510 256 853 244 512 280 853 268
word 0.87857634 446 674 597 669 448 698 597 693
word 0.91866684 277 709 428 712 274 809 426 810
word 0.9629532 234 354 341 354 233 385 341 386
word 0.90223557 190 418 426 410 192 438 426 430
word 0.8941468 192 308 490 309 190 330 490 333
word 0.9050455 192 672 426 677 190 710 426 717
