word 0.7194519 5381 3308 5565 3316 5373 3488 5565 3492
word 0.63513595 5240 1439 5444 1415 5256 1548 5455 1525
word 0.63763505 5248 1822 5565 1814 5256 2018 5565 2006
word 0.62407327 5256 1650 5385 1654 5248 1759 5381 1767
word 0.77215236 5045 1353 5565 1251 5068 1454 5565 1357
word 0.6504278 5193 1376 5565 1451 4990 2788 5506 2859
word 0.7651284 4943 226 5135 234 4935 398 5131 402
word 0.8929823 4505 2542 4818 2542 4501 2624 4818 2624
word 0.9404659 4505 1032 5131 1040 4501 1153 5131 1161
word 0.90989953 4067 492 5256 520 4063 598 5256 625
word 0.7421647 3817 1321 4317 1329 3813 1404 4317 1411
word 0.98131967 3754 1024 4317 1028 3750 1138 4317 1142
word 0.9408981 3625 606 5444 606 3629 707 5444 707
word 0.7658832 3441 813 3754 825 3437 907 3754 919
word 0.94760126 3128 2948 4130 2960 3124 3050 4130 3062
word 0.9822636 3128 2839 5131 2862 3124 2952 5131 2976
word 0.9759598 3128 2729 3879 2745 3124 2831 3879 2847
word 0.8907829 2878 1016 3566 1016 2874 1130 3566 1134
word 0.9140303 2812 2686 3066 2683 2815 2792 3066 2788
word 0.9957676 2815 1302 3566 1314 2812 1380 3566 1392
word 0.9898751 2815 770 3316 782 2812 887 3316 899
word 0.93085015 2815 614 3379 633 2812 700 3379 715
word 0.82532275 2499 610 2753 610 2503 707 2753 707
word 0.78661853 2190 1005 2632 1032 2182 1095 2628 1118
word 0.97651213 2065 1294 2690 1302 2061 1384 2690 1392
word 0.98547035 2065 54 3566 78 2061 222 3566 246
word 0.9147806 2065 258 3566 285 2061 430 3566 457
word 0.9741038 1998 2945 2252 2941 2002 3046 2252 3042
word 0.7085677 1939 2812 2440 2815 1935 2917 2440 2921
word 0.9562175 1877 582 2377 586 1873 696 2377 696
word 0.870376 1810 3320 3066 3312 1814 3457 3066 3449
word 0.79314137 1627 985 1818 993 1619 1102 1814 1106
word 0.87515867 1564 2503 1877 2503 1560 2589 1877 2593
word 0.7720127 1372 985 1564 981 1376 1095 1564 1091
word 0.89903367 1251 1271 1564 1271 1247 1368 1564 1368
word 0.9257675 1063 825 1814 829 1059 895 1814 895
word 0.7989038 743 2761 1376 2741 750 2945 1380 2929
word 0.9711793 559 966 1001 966 563 1087 1001 1087
word 0.86194426 438 1259 1188 1271 434 1341 1188 1353
word 0.9459841 375 723 938 735 371 840 938 852
word 0.6789372 54 2354 187 2350 62 2483 191 2475
word 0.69838315 62 2636 316 2643 54 2788 312 2796
word 0.6450418 62 2894 379 3011 0 3081 312 3195
