word 0.7402171 3805 1362 3915 1359 3809 1405 3915 1402
word 0.7560427 3809 1881 3918 1891 3802 1937 3915 1947
word 0.7759083 3594 1203 3862 1190 3597 1253 3862 1239
word 0.6224285 3491 320 3703 320 3488 419 3703 419
word 0.9624089 3438 1054 3915 1061 3435 1120 3915 1127
word 0.90876913 3223 1937 3544 1937 3227 1987 3544 1987
word 0.95837677 3223 899 3703 899 3227 975 3703 975
word 0.9713074 2906 509 3809 495 2909 611 3809 598
word 0.9825141 2698 1068 3015 1068 2694 1127 3015 1127
word 0.98599786 2698 1197 3015 1200 2694 1259 3015 1263
word 0.91148424 2642 912 3068 912 2645 972 3068 968
word 0.9381666 2536 601 3068 598 2539 691 3068 687
word 0.9685917 2165 2470 3121 2470 2169 2536 3121 2532
word 0.93400574 2169 2238 3650 2238 2165 2311 3650 2311
word 0.99289006 2169 2308 3650 2314 2165 2384 3650 2390
word 0.890612 2169 2390 3227 2397 2165 2460 3227 2466
word 0.9405609 2010 909 2486 909 2007 995 2486 995
word 0.90928835 1950 760 2645 704 1957 836 2648 780
word 0.9365517 1954 2112 2751 2089 1957 2182 2751 2155
word 0.9854727 1954 1203 2486 1197 1957 1259 2486 1256
word 0.86546063 1957 611 2380 615 1954 671 2380 674
word 0.8757309 1481 932 1851 935 1478 998 1851 1001
word 0.95539826 1425 403 2539 386 1428 512 2539 499
word 0.8905813 1425 277 2539 254 1428 380 2539 357
word 0.9597291 1372 1084 2486 1058 1375 1150 2486 1127
word 0.94343024 1372 2208 1745 2202 1375 2304 1745 2298
word 0.8917601 1266 2559 2222 2552 1269 2658 2222 2651
word 0.96251976 1266 634 1640 631 1269 707 1640 704
word 0.9378231 1054 1954 1640 1947 1058 2026 1640 2023
word 0.80465597 896 925 1269 922 899 1021 1269 1018
word 0.8706815 476 2109 952 2119 472 2278 952 2284
word 0.8694229 314 939 687 929 317 1031 687 1025
word 0.9658255 208 1983 793 1977 211 2069 793 2063
word 0.9232918 208 1233 1005 1226 211 1289 1005 1282
word 0.91866803 208 1091 1005 1087 211 1160 1005 1157
word 0.88063914 155 786 1163 760 158 853 1163 823
