word 0.87273717 3046 1145 3176 1147 3043 1221 3176 1223
word 0.83089054 2872 76 3057 114 2858 144 3046 179
word 0.9055309 2823 8 3261 0 2828 138 3261 122
word 0.85384816 2719 503 2828 470 2741 576 2847 543
word 0.77661914 2698 1237 2828 1237 2695 1278 2828 1278
word 0.8354153 2654 1047 2915 1049 2651 1096 2915 1101
word 0.74719805 2654 1327 2915 1330 2651 1384 2915 1387
word 0.61945355 2654 1145 2872 1147 2651 1188 2872 1194
word 0.8410522 2480 870 2828 878 2477 924 2828 932
word 0.98804855 2480 1640 2741 1648 2477 1691 2741 1702
word 0.91457856 2263 587 2915 606 2260 663 2915 682
word 0.9114153 2132 1112 2350 1115 2129 1161 2350 1166
word 0.9189433 2132 851 2437 859 2129 905 2437 913
word 0.9836437 2132 1202 2350 1207 2129 1253 2350 1262
word 0.8447289 2132 1014 2393 1030 2129 1058 2393 1074
word 0.9479395 2045 641 2918 685 2039 699 2915 739
word 0.7997426 1955 0 2306 0 1958 62 2306 59
word 0.8931196 1740 1879 2480 1912 1738 1936 2480 1969
word 0.9557959 1740 1825 2744 1879 1735 1879 2741 1931
word 0.9752331 1740 1767 2787 1827 1735 1825 2785 1884
word 0.9622591 1740 1933 2787 1996 1735 1991 2785 2050
word 0.93123484 1697 815 2045 826 1694 886 2045 897
word 0.8995643 1653 696 1917 712 1648 761 1914 777
word 0.8747029 1607 1664 1740 1659 1610 1721 1740 1716
word 0.83565575 1523 592 1610 595 1520 674 1610 677
word 0.9073967 1349 807 1566 813 1346 851 1566 856
word 0.6986805 1262 1218 1349 1221 1259 1262 1349 1267
word 0.9380029 1262 957 2001 990 1259 1011 2001 1044
word 0.956189 1262 1052 2001 1082 1259 1107 2001 1136
word 0.9171163 1262 315 2050 367 1253 402 2045 451
word 0.91743034 1262 410 2050 459 1253 511 2045 557
word 0.75568485 1215 1300 1392 1294 1218 1357 1392 1349
word 0.96563137 1218 1245 2001 1278 1215 1294 2001 1327
word 0.9270081 1218 1147 2001 1183 1215 1199 2001 1234
word 0.7757557 1172 1710 1436 1708 1175 1781 1436 1778
word 0.7979729 1175 1800 1349 1800 1172 1868 1349 1871
word 0.8488119 1175 582 1436 590 1172 639 1436 647
word 0.9697304 1087 1969 2785 2031 1085 2039 2785 2102
word 0.6093692 957 116 1101 130 941 250 1087 266
word 0.8557706 913 756 1177 769 908 840 1175 854
word 0.7386776 739 168 957 171 737 220 957 225
word 0.8823885 652 114 960 133 647 182 957 201
word 0.6572075 696 1577 900 1781 576 1697 783 1901
word 0.8871994 522 1596 870 1599 519 1719 870 1719
word 0.9118121 475 737 739 734 478 810 739 807
word 0.81412 391 611 696 614 388 677 696 679
word 0.88484466 391 998 1090 1036 386 1052 1087 1090
word 0.9723345 391 1194 960 1226 386 1243 957 1278
word 0.93738407 391 1093 1134 1136 386 1147 1131 1191
word 0.9378626 391 900 1090 938 386 957 1087 995
word 0.95111114 348 1482 739 1495 345 1550 739 1563
