word 0.68927264 3601 1182 3927 1209 3595 1256 3924 1286
word 0.9349759 3544 252 3709 248 3548 366 3709 362
word 0.9580467 3440 1323 3870 1337 3437 1404 3870 1414
word 0.9590923 3171 870 3709 883 3168 967 3709 981
word 0.97035235 3118 2130 3551 2147 3111 2224 3548 2241
word 0.9726892 2903 557 4028 594 2899 648 4028 685
word 0.92932016 2792 446 3816 436 2795 540 3816 530
word 0.95338166 2580 1132 2956 1135 2577 1199 2956 1202
word 0.9258909 2580 1270 2956 1280 2577 1344 2956 1357
word 0.7779462 2526 860 3010 873 2523 940 3010 954
word 0.86816734 2469 540 2849 540 2472 621 2849 621
word 0.7719479 2308 732 2526 729 2311 809 2526 806
word 0.9705167 1935 2184 2587 2234 1925 2284 2580 2335
word 0.97847086 1935 2247 3612 2452 1921 2352 3601 2556
word 0.99028116 1935 2493 3292 2671 1918 2604 3279 2778
word 0.9949188 1935 2405 3561 2620 1918 2516 3548 2735
word 0.94538754 1881 856 2365 860 1878 944 2365 950
word 0.82246834 1881 544 2207 564 1874 628 2204 648
word 0.97053844 1827 668 2204 668 1824 766 2204 766
word 0.8823321 1774 1081 2365 1108 1770 1142 2365 1165
word 0.96130276 1774 1219 2365 1243 1770 1286 2365 1310
word 0.93577516 1663 164 2419 144 1666 272 2419 252
word 0.68777674 1606 551 1774 537 1612 638 1777 628
word 0.9380742 1340 853 1666 853 1344 930 1666 930
word 0.7814386 1286 154 1612 154 1290 268 1612 265
word 0.96823883 1286 299 2419 292 1290 423 2419 420
word 0.8574593 1236 1058 1720 1068 1233 1139 1720 1149
word 0.73062724 1145 2862 1505 2788 1182 3020 1538 2956
word 0.916087 1125 2264 1344 2261 1128 2362 1344 2358
word 0.80896056 1128 537 1505 544 1125 621 1505 628
word 0.8650349 1128 2157 1505 2163 1125 2257 1505 2264
word 0.9735987 1021 2516 2966 2681 1008 2640 2956 2808
word 0.958168 860 1905 1454 1928 853 2009 1451 2032
word 0.6295085 860 2634 1135 2644 850 2876 1128 2886
word 0.82865316 591 712 1075 715 588 769 1075 772
word 0.8367162 591 376 1132 389 584 524 1128 537
word 0.74380577 416 2644 645 2624 430 2802 655 2782
word 0.8293794 265 1982 698 1979 268 2143 698 2140
word 0.7803923 268 2177 708 2204 255 2348 698 2375
word 0.8497902 204 2096 698 2076 215 2261 705 2241
word 0.9464208 154 2714 698 2708 161 2936 702 2926
word 0.89126045 157 0 913 0 161 124 913 117
word 0.81095093 161 661 537 665 157 739 537 742
word 0.9345446 161 994 913 1028 157 1065 913 1098
word 0.8636022 161 1118 863 1162 154 1192 860 1239
word 0.95246273 107 1824 594 1848 100 1915 591 1935
