word 0.7635603 1192 138 1258 136 1194 180 1260 177
word 0.77013254 1173 378 1322 381 1172 401 1322 404
word 0.9665867 1130 646 1237 646 1129 666 1237 666
word 0.97267085 1108 314 1258 313 1109 341 1258 338
word 0.9197398 1002 201 1280 208 1001 226 1280 233
word 0.65381813 981 805 1026 813 977 824 1024 833
word 0.9874824 960 385 1066 386 958 409 1066 409
word 0.91575384 937 318 1088 317 938 345 1088 344
word 0.92720854 894 232 1301 224 896 254 1301 246
word 0.93623185 809 729 1194 720 810 752 1194 742
word 0.95423853 809 753 1258 738 810 776 1258 761
word 0.9570404 809 774 1258 765 810 798 1258 789
word 0.92766595 810 794 1194 794 809 816 1194 816
word 0.93540937 745 324 917 322 746 350 917 349
word 0.9386198 746 698 1002 709 745 721 1002 732
word 0.9231365 724 390 917 389 725 410 917 409
word 0.91135794 725 270 960 280 724 298 960 308
word 0.89987814 660 241 874 232 661 268 874 258
word 0.7960487 596 336 704 330 597 356 704 350
word 0.97328967 574 397 682 397 576 420 682 420
word 0.8299327 553 726 682 724 554 761 682 758
word 0.99058986 552 126 896 113 554 166 897 153
word 0.8706485 553 764 661 761 554 793 661 790
word 0.9826828 552 168 896 156 554 209 897 197
word 0.91508293 530 845 1088 816 533 872 1089 842
word 0.895498 405 333 512 334 404 366 512 368
word 0.97070456 276 778 405 776 277 829 405 826
word 0.9393317 254 693 405 692 256 745 405 744
word 0.8990507 252 737 426 728 256 798 429 789
word 0.9618204 233 344 341 341 234 372 341 370
word 0.9877714 212 406 448 402 213 432 448 428
word 0.91399455 170 293 512 305 169 318 512 330
