word 0.6388768 3501 1233 3915 1120 3809 2367 3964 2255
word 0.6851135 3802 1666 3915 1666 3809 2000 3918 2000
word 0.679489 3809 1907 3918 1917 3802 1974 3915 1983
word 0.6616512 3809 1359 3925 1375 3796 1435 3915 1451
word 0.86518383 3591 1233 3915 1203 3597 1289 3918 1259
word 0.85033745 3491 327 3703 330 3488 433 3703 436
word 0.83238184 3435 1101 3964 1074 3438 1154 3964 1127
word 0.8812485 3223 1990 3597 1987 3227 2043 3597 2040
word 0.86795825 3227 906 3703 909 3223 988 3703 991
word 0.98230326 2906 519 3809 519 2909 618 3809 615
word 0.8918714 2694 1233 3015 1230 2698 1296 3015 1292
word 0.91925234 2698 1091 3068 1097 2694 1160 3068 1163
word 0.79585135 2642 915 3121 915 2645 995 3121 991
word 0.97046435 2539 598 3068 605 2536 697 3068 704
word 0.97903377 2165 2463 3386 2463 2169 2532 3386 2532
word 0.9731248 2165 2387 3650 2384 2169 2450 3650 2446
word 0.9761636 2169 2542 3121 2542 2165 2602 3121 2602
word 0.9540109 2112 2235 3650 2225 2116 2301 3650 2291
word 0.9916241 2007 919 2486 915 2010 1018 2486 1015
word 0.9653638 1950 750 2645 710 1957 843 2648 806
word 0.9799301 1954 2165 2751 2146 1957 2245 2751 2222
word 0.88091904 1901 1253 2486 1233 1904 1309 2486 1289
word 0.85575676 1904 598 2380 615 1901 667 2380 684
word 0.9105404 1689 598 1851 598 1693 674 1851 674
word 0.88982105 1478 945 1851 935 1481 1028 1851 1015
word 0.9431463 1372 254 2539 251 1375 353 2539 350
word 0.9202213 1372 390 2539 376 1375 509 2539 495
word 0.91469944 1372 1243 1851 1243 1375 1325 1851 1325
word 0.9699323 1319 1114 2486 1084 1322 1187 2486 1160
word 0.8468389 1319 2298 1640 2288 1322 2403 1640 2394
word 0.9389169 1263 2661 2169 2618 1269 2770 2172 2727
word 0.9739707 1216 624 1587 624 1213 707 1587 707
word 0.93164396 1001 2030 1534 2013 1005 2109 1534 2093
word 0.8672837 843 942 1216 935 846 1038 1216 1031
word 0.9430982 410 2427 899 2397 423 2599 909 2569
word 0.97507304 363 2294 899 2278 370 2460 902 2443
word 0.94562304 367 2165 899 2159 370 2331 899 2324
word 0.8966727 211 955 581 955 208 1041 581 1041
word 0.91781455 102 1130 899 1124 105 1187 899 1180
word 0.9758621 102 1269 952 1263 105 1339 952 1332
word 0.9138627 0 786 1111 760 0 866 1111 836
