word 0.8554354 1152 420 1237 422 1150 440 1237 442
word 0.7275302 1129 149 1194 149 1130 185 1194 184
word 0.97134787 1109 378 1237 380 1108 401 1237 402
word 0.9443099 1044 646 1152 646 1045 666 1152 665
word 0.91012937 1044 232 1216 228 1045 249 1216 245
word 0.9107303 1045 326 1194 326 1044 348 1194 348
word 0.97619164 937 213 1216 202 938 245 1216 234
word 0.8190973 873 334 1002 330 874 356 1002 350
word 0.9446654 874 385 1002 385 873 408 1002 409
word 0.9382942 874 424 1002 424 873 450 1002 450
word 0.8264367 830 241 981 236 832 266 981 261
word 0.9781825 724 746 1173 740 725 769 1173 762
word 0.94296736 724 796 1173 793 725 817 1173 814
word 0.83536005 725 814 1024 818 724 834 1024 838
word 0.9805065 681 334 832 333 682 362 832 361
word 0.93894434 660 286 874 280 661 309 874 302
word 0.9881853 660 430 832 426 661 452 832 449
word 0.9209884 660 705 917 698 661 730 917 722
word 0.9205702 510 342 640 341 512 368 640 366
word 0.96467006 489 134 832 129 490 172 832 166
word 0.96343267 489 178 832 170 490 220 832 212
word 0.9648105 489 393 832 385 490 414 832 406
word 0.9557619 490 430 640 433 489 453 640 457
word 0.9752473 468 848 746 842 469 882 746 877
word 0.8748495 468 742 618 737 469 773 618 768
word 0.80325425 446 254 768 242 448 277 768 265
word 0.97538507 382 662 597 660 384 688 597 686
word 0.95284486 212 794 341 792 213 836 341 833
word 0.80194086 210 708 362 704 213 770 364 768
word 0.8423662 190 746 362 746 192 802 362 802
word 0.87471044 169 348 277 345 170 381 277 380
word 0.8688105 126 673 320 672 128 702 320 701
word 0.91153455 126 442 384 440 128 462 384 460
word 0.9708674 105 304 426 294 106 329 426 318
word 0.6262785 106 730 149 730 105 752 149 752
