word 0.8674328 1143 187 1177 188 1142 221 1177 222
word 0.9833298 1075 425 1177 425 1074 448 1177 448
word 0.96277773 1041 363 1177 365 1040 392 1177 393
word 0.9272178 1022 693 1126 692 1024 711 1126 710
word 0.9451067 954 249 1211 245 955 281 1211 277
word 0.94689614 870 363 1006 364 869 390 1006 391
word 0.98907954 852 426 955 425 853 448 955 448
word 0.93984574 835 269 955 265 836 298 955 294
word 0.6328948 749 273 802 273 750 295 802 294
word 0.9763731 698 842 1075 833 699 866 1075 856
word 0.96410626 698 818 1143 807 699 842 1143 830
word 0.9659495 698 795 1126 785 699 819 1126 807
word 0.9153431 681 867 972 859 682 891 972 883
word 0.9651999 681 772 1058 764 682 794 1058 787
word 0.9523817 682 363 836 364 681 391 836 392
word 0.9245804 665 311 853 313 664 337 853 339
word 0.987964 665 741 870 745 664 768 870 772
word 0.88412493 510 368 631 368 512 390 631 390
word 0.9881011 494 195 836 195 493 235 836 235
word 0.96349996 476 148 836 148 477 188 836 188
word 0.9056611 459 773 597 770 460 805 597 802
word 0.9158424 459 800 546 797 460 828 546 826
word 0.9913703 459 426 802 423 460 450 802 446
word 0.9492706 442 883 716 876 443 918 716 913
word 0.977816 443 270 733 272 442 296 733 297
word 0.9611841 357 704 648 697 358 731 648 724
word 0.61036885 324 362 443 363 323 392 443 393
word 0.9419344 204 778 290 779 203 812 290 812
word 0.9688244 169 747 324 747 170 797 324 797
word 0.9440531 169 842 324 839 170 885 324 882
word 0.828198 152 801 341 800 153 848 341 846
word 0.98853374 136 363 238 363 135 391 238 392
word 0.90516764 101 704 290 700 102 731 290 729
word 0.97132003 85 309 393 323 83 333 392 347
word 0.9046641 68 427 324 428 67 449 324 449
