word 0.93964344 1321 445 1450 442 1322 472 1450 468
word 0.9172609 1321 198 1386 198 1322 237 1386 236
word 0.9810029 1258 718 1365 718 1257 741 1365 741
word 0.9738365 1236 380 1386 377 1237 408 1386 406
word 0.8480072 1173 312 1216 313 1172 332 1216 332
word 0.9809563 1150 260 1408 258 1152 285 1408 284
word 0.8619923 1088 446 1216 450 1086 473 1216 477
word 0.87048143 1088 806 1153 813 1085 828 1152 833
word 0.9555146 1065 382 1216 381 1066 409 1216 409
word 0.9176441 1022 292 1429 277 1024 316 1429 301
word 0.93845576 958 797 1386 794 960 820 1386 816
word 0.86143166 937 905 1216 902 938 921 1216 918
word 0.95670605 916 849 1386 842 917 872 1386 865
word 0.9132558 916 876 1301 865 917 901 1301 890
word 0.9272811 852 384 1024 384 853 417 1024 416
word 0.9202433 853 773 1109 777 852 794 1109 798
word 0.85918283 832 332 1088 336 830 361 1088 365
word 0.9343851 766 297 981 289 768 325 981 317
word 0.956478 702 390 810 389 704 413 810 412
word 0.95239663 681 453 1045 448 682 478 1045 473
word 0.6855502 680 468 746 464 682 500 748 496
word 0.94818854 660 218 1024 217 661 261 1024 258
word 0.61509544 660 824 746 821 661 862 746 860
word 0.91896266 660 176 1024 170 661 216 1024 210
word 0.8839499 638 797 789 796 640 836 789 834
word 0.96126753 638 918 938 912 640 952 938 945
word 0.8505116 617 296 746 294 618 324 746 322
word 0.93138933 574 732 704 730 576 754 704 753
word 0.7755277 512 386 618 388 510 421 618 421
word 0.8640319 448 353 618 354 446 372 618 374
word 0.95584047 381 190 618 182 384 250 620 242
word 0.8360688 337 866 490 858 341 925 493 917
word 0.8803222 340 828 512 826 341 880 512 878
word 0.8579172 341 778 513 785 338 832 512 838
word 0.7313268 320 396 448 397 318 421 448 422
word 0.807322 298 454 554 456 297 476 554 477
word 0.9525132 276 341 426 341 277 369 426 369
word 0.91251075 276 728 469 726 277 757 469 754
