word 0.6260997 2510 109 2581 103 2512 131 2581 124
word 0.75397563 2441 671 2546 668 2443 735 2546 733
word 0.67471355 2439 748 2512 744 2443 810 2514 806
word 0.8197071 2411 1051 2512 1036 2443 1267 2542 1251
word 0.6326222 2443 1196 2516 1204 2437 1254 2512 1260
word 0.6290017 2372 692 2546 684 2409 1477 2581 1469
word 0.98152655 2305 187 2409 187 2303 262 2409 262
word 0.9362571 2200 677 2409 675 2202 716 2409 714
word 0.9725184 2097 570 2409 567 2099 630 2409 630
word 0.9832471 2062 1234 2305 1228 2065 1277 2305 1271
word 0.93828446 1854 322 2478 301 1858 385 2480 361
word 0.9773633 1718 696 1927 692 1720 735 1927 731
word 0.8705564 1718 585 2030 582 1720 632 2030 630
word 0.91083646 1684 380 1961 380 1686 434 1961 432
word 0.9222126 1408 1613 2030 1587 1411 1654 2030 1628
word 0.96965724 1408 1555 2099 1531 1411 1609 2099 1585
word 0.96971965 1408 1503 2340 1473 1411 1557 2340 1525
word 0.9701531 1408 1454 2340 1421 1411 1510 2340 1477
word 0.9088156 1374 1406 2133 1387 1376 1458 2133 1439
word 0.86694294 1340 589 1652 587 1342 643 1652 641
word 0.9299248 1305 1359 1789 1353 1307 1415 1789 1406
word 0.96608824 1269 481 1686 460 1273 539 1688 516
word 0.9318748 995 602 1204 595 998 647 1204 643
word 0.958769 927 135 1652 135 929 215 1652 215
word 0.8791847 892 1443 1170 1436 894 1505 1170 1499
word 0.9805204 892 727 1583 701 894 770 1583 744
word 0.90823114 892 245 1652 232 894 320 1652 307
word 0.906445 892 1495 998 1492 894 1553 998 1550
word 0.89749104 821 1684 1445 1662 826 1757 1447 1735
word 0.94695526 823 402 1445 393 826 447 1445 438
word 0.9720479 789 0 1307 0 791 32 1307 32
word 0.61913955 722 589 826 591 720 649 826 651
word 0.90461636 649 1301 929 1288 653 1357 931 1346
word 0.90321445 617 1783 963 1774 619 1847 963 1841
word 0.6723355 585 271 862 279 580 374 860 382
word 0.8057008 479 733 585 733 481 770 585 770
word 0.66424555 369 1361 619 1344 378 1469 625 1451
word 0.90949607 344 514 757 514 342 557 757 557
word 0.87727046 271 1439 688 1432 275 1570 690 1563
word 0.9187193 169 0 585 0 172 47 585 38
word 0.85062397 169 593 413 593 172 653 413 653
word 0.9009658 101 1305 550 1303 103 1363 550 1361
word 0.90834516 66 748 447 739 68 789 447 780
word 0.9649807 68 481 344 483 66 533 344 535
word 0.8902585 0 1815 481 1789 0 1884 483 1856
