word 0.7834744 2166 656 2237 653 2168 694 2237 692
word 0.9545314 2026 268 2133 264 2030 333 2136 329
word 0.81915826 1959 696 2202 690 1961 733 2202 727
word 0.87988234 1858 570 2133 572 1856 613 2133 615
word 0.74665403 1858 1264 2065 1271 1856 1305 2065 1310
word 0.72096163 1755 1223 2065 1232 1753 1267 2065 1273
word 0.91355217 1718 369 2271 357 1720 421 2271 408
word 0.9133115 1581 574 1824 572 1583 617 1824 615
word 0.8874439 1581 709 1755 709 1583 744 1755 744
word 0.85726565 1546 423 1755 417 1548 462 1755 453
word 0.9744275 1271 572 1548 572 1273 621 1548 621
word 0.951593 1271 647 1514 647 1273 684 1514 684
word 0.7913204 1271 1180 1411 1176 1273 1217 1411 1211
word 0.8739862 1239 488 1445 490 1236 529 1445 531
word 0.9831315 961 733 1514 707 963 772 1514 746
word 0.9058095 961 662 1204 656 963 703 1204 699
word 0.9924375 963 290 1548 292 961 361 1548 365
word 0.993145 963 215 1548 219 961 281 1548 286
word 0.8514441 927 1223 1170 1221 929 1277 1170 1275
word 0.8798026 892 1404 1376 1393 894 1456 1376 1447
word 0.836704 894 419 1342 419 892 464 1342 464
word 0.8952182 789 1107 1135 1101 791 1148 1135 1142
word 0.8016647 686 567 929 565 688 634 929 634
word 0.61649364 550 1221 776 1269 529 1322 757 1370
word 0.8270175 516 1170 832 1191 507 1284 826 1303
word 0.903323 378 572 585 574 376 623 585 623
word 0.93491894 342 1109 653 1107 344 1152 653 1150
word 0.9497618 342 750 722 742 344 789 722 783
word 0.98697853 342 679 757 673 344 720 757 714
word 0.6556964 299 1215 378 1211 309 1372 387 1368
word 0.9482435 309 486 860 505 307 524 860 544
