word 0.81392473 2336 1097 2546 1086 2340 1150 2549 1137
word 0.6780763 2237 735 2443 735 2235 774 2443 774
word 0.8162028 2099 301 2202 303 2097 365 2202 367
word 0.81984055 2099 774 2275 804 2093 804 2271 834
word 0.93141097 2030 847 2237 853 2028 888 2237 894
word 0.9578187 1890 1271 2133 1271 1892 1312 2133 1310
word 0.8520211 1892 634 2168 638 1890 681 2168 686
word 0.8320209 1770 1707 1858 1699 1789 1923 1875 1914
word 0.63090456 1789 1699 1858 1701 1787 1727 1858 1731
word 0.7330055 1753 524 1858 522 1755 559 1858 557
word 0.8117814 1744 8 2030 0 1755 139 2039 118
word 0.9167123 1753 6 1858 6 1755 49 1858 49
word 0.9335025 1720 406 2237 413 1718 464 2237 471
word 0.7863803 1643 2 1755 0 1652 101 1761 90
word 0.8307908 1617 641 1858 641 1615 679 1858 679
word 0.8112292 1583 778 1824 778 1581 810 1824 813
word 0.8799129 1583 847 1789 849 1581 888 1789 890
word 0.9645605 1548 458 2237 473 1546 501 2237 516
word 0.71894205 1374 468 1445 466 1376 496 1445 496
word 0.9794865 1305 1415 2168 1413 1307 1456 2168 1451
word 0.97672546 1305 1370 1652 1368 1307 1413 1652 1413
word 0.9849262 1305 1505 2133 1497 1307 1550 2133 1544
word 0.88562703 1305 1462 2168 1454 1307 1505 2168 1497
word 0.9559961 1305 1559 2030 1548 1307 1596 2030 1585
word 0.93114114 1239 630 1514 630 1236 679 1514 681
word 0.93614906 1204 1342 1307 1342 1202 1385 1307 1385
word 0.8549822 1204 520 1587 561 1198 567 1583 608
word 0.95976365 1165 6 1342 0 1170 47 1344 36
word 0.900891 1170 770 1514 772 1168 802 1514 804
word 0.7952597 1101 440 1170 440 1099 505 1170 505
word 0.7042422 1032 1821 1101 1821 1030 1852 1101 1852
word 0.9297079 860 765 1135 767 858 804 1135 806
word 0.9143217 860 204 1548 223 858 275 1548 294
word 0.8707316 860 894 929 899 858 935 929 940
word 0.96320695 860 296 1514 316 858 365 1514 385
word 0.8277361 826 1479 963 1484 823 1535 963 1538
word 0.81104267 789 1402 1066 1393 791 1469 1066 1460
word 0.9246738 752 1639 1824 1583 757 1690 1826 1634
word 0.96270293 757 436 998 436 755 492 998 494
word 0.7965935 720 1783 826 1781 722 1819 826 1817
word 0.8353569 617 1299 998 1290 619 1344 998 1335
word 0.9476266 550 604 757 608 548 671 757 675
word 0.6372157 378 557 722 561 376 593 722 598
word 0.6126194 307 1905 516 1899 309 1933 516 1933
word 0.97488487 275 1337 589 1353 268 1449 585 1464
word 0.8712559 238 1408 550 1404 240 1520 550 1516
word 0.8562693 135 600 378 598 137 662 378 662
word 0.8350685 103 843 585 847 101 879 585 884
word 0.97074544 66 1267 447 1264 68 1322 447 1318
word 0.7736374 34 490 344 492 32 546 344 548
word 0.8682208 0 1740 215 1757 0 1854 206 1869
