word 0.95422345 1176 266 1228 266 1177 289 1228 288
word 0.8456507 1073 382 1194 375 1075 401 1195 392
word 0.79514 1058 147 1126 147 1057 181 1126 182
word 0.9120725 1040 421 1143 420 1041 443 1143 441
word 0.9409697 971 317 1126 316 972 348 1126 348
word 0.9766782 971 647 1092 646 972 670 1092 669
word 0.9379104 937 203 1160 196 938 231 1160 224
word 0.9481332 903 221 1160 220 904 246 1160 245
word 0.91003233 801 422 921 420 802 446 921 445
word 0.89224815 801 384 904 382 802 406 904 405
word 0.92013407 801 325 938 324 802 347 938 347
word 0.9482323 766 231 904 227 768 263 904 259
word 0.78983724 647 821 785 821 648 840 785 840
word 0.935416 648 723 1092 723 647 746 1092 746
word 0.9644844 648 794 1075 795 647 819 1075 819
word 0.98406744 648 743 1109 746 647 768 1109 771
word 0.97878486 614 316 768 317 613 349 768 349
word 0.9866261 597 694 836 699 596 717 836 724
word 0.95119804 597 264 802 268 596 296 802 300
word 0.95066625 580 380 750 380 579 397 750 397
word 0.9742465 460 323 563 324 459 345 563 346
word 0.96074504 442 121 768 117 443 155 768 151
word 0.990677 425 418 750 417 426 444 750 443
word 0.98266953 425 160 768 158 426 200 768 199
word 0.9331875 426 376 546 376 425 403 546 404
word 0.8738847 408 749 477 748 409 777 477 776
word 0.9678116 391 234 733 230 392 259 733 254
word 0.9390871 374 840 665 840 375 873 665 873
word 0.8673744 273 643 477 645 272 674 477 676
word 0.64790857 273 320 393 324 270 349 392 355
word 0.62899107 203 61 290 60 204 88 290 87
word 0.9267449 170 878 1092 885 169 907 1092 913
word 0.8082828 118 325 221 323 119 353 221 352
word 0.78215224 102 661 265 696 91 709 256 744
word 0.8030991 77 701 187 691 85 770 194 760
word 0.8486456 67 381 307 380 68 403 307 402
word 0.96822697 68 420 307 423 67 443 307 446
word 0.94438714 68 274 375 285 67 297 375 309
word 0.9720862 50 637 238 636 51 672 238 672
word 0.6725898 0 533 34 532 0 549 34 548
