word 0.6517968 2684 2056 2849 2056 2688 2157 2849 2153
word 0.78405833 2523 3366 2795 3366 2526 3417 2795 3417
word 0.9510118 2469 2513 2849 2509 2472 2583 2849 2580
word 0.9237469 2308 2261 2526 2257 2311 2325 2526 2321
word 0.849919 2254 3746 2472 3743 2257 3796 2472 3796
word 0.97688264 2147 376 2795 359 2150 443 2795 430
word 0.90454996 2093 1740 2472 1737 2096 1790 2472 1790
word 0.9569273 2096 2667 2365 2671 2093 2731 2365 2735
word 0.8326177 2039 2516 2419 2513 2042 2587 2419 2583
word 0.6901428 2039 826 2419 826 2042 873 2419 870
word 0.8704571 2042 215 2849 225 2039 282 2849 292
word 0.7354155 1932 2294 2257 2294 1935 2355 2257 2355
word 0.7873035 1878 2399 2042 2399 1881 2459 2042 2459
word 0.9137495 1878 1280 2311 1270 1881 1337 2311 1327
word 0.94914997 1881 1528 2580 1538 1878 1602 2580 1616
word 0.91291475 1821 1391 2688 1350 1827 1468 2691 1428
word 0.83501303 1827 655 2741 655 1824 712 2741 712
word 0.7504352 1770 3766 2096 3749 1774 3820 2096 3803
word 0.798663 1770 551 2741 537 1774 611 2741 601
word 0.9142987 1774 1602 2419 1602 1770 1696 2419 1696
word 0.93233263 1716 3612 2849 3612 1720 3669 2849 3669
word 0.91288 1716 3558 2580 3554 1720 3612 2580 3608
word 0.93652785 1716 3726 2257 3722 1720 3776 2257 3776
word 0.88086873 1720 497 2741 497 1716 554 2741 554
word 0.9179256 1720 3669 2849 3672 1716 3722 2849 3726
word 0.9693059 1555 2523 1935 2523 1559 2597 1935 2593
word 0.9537615 1559 3480 2150 3494 1555 3544 2150 3558
word 0.8373091 1501 1730 1935 1710 1505 1790 1935 1774
word 0.7534377 1505 2392 1827 2399 1501 2462 1827 2469
word 0.76788515 1448 829 1881 829 1451 873 1881 873
word 0.6573454 1444 1525 1881 1498 1451 1589 1884 1562
word 0.79341096 1451 769 1612 769 1448 819 1612 823
word 0.8201315 1394 1649 1666 1649 1397 1710 1666 1710
word 0.9607491 1340 2301 1827 2288 1344 2365 1827 2348
word 0.7464995 1233 823 1397 819 1236 876 1397 870
word 0.8817754 1125 2536 1397 2536 1128 2593 1397 2593
word 0.6938865 1128 3635 1236 3635 1125 3696 1236 3696
word 0.90502644 1128 161 1935 178 1125 262 1935 282
word 0.9659284 1071 2116 1935 2103 1075 2224 1935 2210
word 0.9443689 1071 2688 1935 2664 1075 2751 1935 2724
word 0.93389434 1071 2005 1935 1992 1075 2106 1935 2093
word 0.7275806 964 776 1397 769 967 826 1397 819
word 0.8698373 960 1720 1236 1703 967 1784 1239 1764
word 0.96897525 967 2301 1236 2304 964 2372 1236 2372
word 0.7409212 907 1619 1021 1606 913 1673 1024 1659
word 0.8255214 913 1357 1397 1360 910 1414 1397 1417
word 0.95922506 856 3380 1236 3373 860 3447 1236 3444
word 0.87731177 591 487 806 490 588 540 806 544
word 0.77679276 480 2439 913 2439 483 2489 913 2489
word 0.81425405 480 288 913 285 483 409 913 406
word 0.71563435 480 399 1128 399 483 446 1128 446
word 0.7522355 376 1357 752 1360 372 1414 752 1421
word 0.71511185 376 685 591 688 372 735 591 739
word 0.93434477 319 3726 591 3719 322 3830 591 3823
word 0.6485025 322 3457 658 3504 305 3575 645 3622
word 0.6668824 268 3605 645 3608 265 3732 645 3736
word 0.8089713 268 2556 483 2560 265 2620 483 2624
word 0.7991867 211 1700 591 1696 215 1767 591 1764
word 0.87170196 215 819 860 823 211 873 860 873
word 0.8981543 215 762 913 769 211 816 913 823
word 0.75063527 215 1612 1075 1646 211 1666 1075 1700
word 0.8632298 161 2704 752 2704 157 2755 752 2755
word 0.8200819 161 1495 1290 1522 157 1555 1290 1582
word 0.91514957 104 3383 591 3370 107 3460 591 3447
word 0.89134353 50 547 1397 547 53 608 1397 608
word 0.8946444 0 2429 430 2425 0 2493 430 2486
