word 0.61694926 5099 927 5269 927 5095 1041 5269 1041
word 0.7956794 5035 2156 5269 2138 5042 2245 5273 2231
word 0.85989636 5042 1961 5269 1965 5039 2071 5269 2075
word 0.66623044 4986 1158 5287 1221 4964 1257 5269 1320
word 0.82089704 4929 1345 5269 1345 4925 1434 5269 1434
word 0.72261035 4869 1278 5269 1274 4872 1384 5269 1381
word 0.7142012 4646 1405 4763 1412 4639 1473 4759 1480
word 0.7183349 4532 0 4713 0 4518 152 4702 162
word 0.6305037 4476 1129 4702 1136 4472 1204 4702 1211
word 0.79004496 4362 1260 4702 1278 4359 1317 4702 1335
word 0.8929558 4192 2053 4646 2068 4189 2138 4646 2153
word 0.9646776 4022 910 4479 941 4015 1016 4476 1044
word 0.81999 3739 584 3856 591 3732 672 3852 679
word 0.98426765 3626 481 4653 545 3615 616 4646 676
word 0.9386497 3513 1034 3856 1051 3505 1111 3852 1133
word 0.92117834 3399 846 3856 874 3392 949 3852 977
word 0.97786516 3229 527 3626 534 3226 640 3626 651
word 0.78019494 3169 626 3456 619 3173 715 3456 708
word 0.91951346 3049 301 3173 293 3059 410 3180 400
word 0.8787365 2946 2613 3399 2631 2942 2687 3399 2705
word 0.9320542 2946 2429 4706 2500 2939 2517 4702 2588
word 0.9638716 2946 2514 4649 2585 2939 2602 4646 2673
word 0.9647447 2946 2344 4706 2425 2939 2432 4702 2510
word 0.9546338 2946 2262 4649 2347 2939 2347 4646 2429
word 0.9283063 2889 2195 3569 2202 2886 2277 3569 2284
word 0.9699673 2659 849 3173 839 2663 949 3173 938
word 0.8656263 2659 1048 3286 1034 2663 1111 3286 1094
word 0.899714 2602 2188 2833 2188 2606 2291 2833 2287
word 0.8693005 2546 644 3003 637 2549 754 3003 743
word 0.7165482 2436 141 2549 145 2432 237 2549 240
word 0.83175826 2376 492 3059 474 2379 587 3059 570
word 0.94700825 2036 1058 2549 1055 2039 1147 2549 1140
word 0.946996 2036 1218 3286 1182 2039 1296 3286 1260
word 0.92710316 1983 240 3003 240 1979 378 3003 378
word 0.9253462 1983 42 3180 131 1972 162 3173 251
word 0.7302404 1919 2284 2379 2269 1926 2454 2383 2436
word 0.92615443 1862 2691 2833 2666 1869 2840 2836 2818
word 0.88997465 1813 499 2209 509 1809 602 2209 612
word 0.9521093 1689 2043 2493 1990 1699 2185 2500 2131
word 0.7971427 1639 849 1756 846 1643 945 1756 941
word 0.6110564 1412 842 1586 839 1416 945 1586 941
word 0.95014364 1076 687 1756 687 1073 754 1756 754
word 0.8377947 733 2546 1246 2535 736 2730 1246 2719
word 0.87227976 733 2269 1303 2266 736 2447 1303 2443
word 0.8029928 736 2369 1303 2372 733 2553 1303 2556
word 0.96157855 623 842 1019 842 619 941 1019 945
word 0.86488354 563 1253 1529 1232 566 1345 1529 1324
word 0.8326554 563 1090 1586 1069 566 1172 1586 1150
word 0.8964113 502 2117 1246 2096 509 2238 1250 2216
word 0.86308 396 633 963 633 393 733 963 733
word 0.8214316 396 2316 524 2326 378 2471 509 2486
