word 0.6920228 2904 941 3002 927 2915 1014 3011 1000
word 0.94538355 2741 378 2872 378 2739 465 2872 467
word 0.9136737 2611 992 2872 998 2608 1047 2872 1052
word 0.9392179 2524 791 2872 799 2521 862 2872 870
word 0.8541542 2437 1664 2741 1664 2434 1710 2741 1710
word 0.6465466 2257 628 2350 622 2263 685 2352 682
word 0.933323 2263 486 2962 516 2257 568 2959 598
word 0.8627124 2175 152 2393 157 2173 203 2393 209
word 0.97654057 2132 783 2437 788 2129 837 2437 843
word 0.7904246 2088 0 2265 5 2083 57 2263 67
word 0.98348284 2045 960 2306 962 2042 1011 2306 1014
word 0.97452915 2045 535 2918 598 2039 603 2915 666
word 0.9029489 1827 541 1914 541 1825 582 1914 582
word 0.88610107 1653 0 1871 0 1651 95 1871 100
word 0.93041927 1610 1830 2524 1849 1607 1893 2524 1912
word 0.9798507 1610 1955 2741 1982 1607 2020 2741 2048
word 0.9695157 1610 747 2001 756 1607 824 2001 835
word 0.9698222 1610 1890 2785 1920 1607 1958 2785 1988
word 0.69266415 1610 530 1740 535 1607 579 1740 584
word 0.974505 1566 1740 2091 1778 1561 1811 2088 1849
word 0.94276047 1566 611 2007 658 1558 677 2001 720
word 0.80917865 1302 100 1566 95 1305 138 1566 133
word 0.9794059 1218 728 1479 737 1215 799 1479 805
word 0.94414043 1131 299 2007 350 1123 397 2001 451
word 0.91256464 1131 171 2010 236 1120 282 2001 345
word 0.9775475 1041 0 1653 0 1044 67 1653 62
word 0.9643499 1044 889 1917 935 1039 949 1914 995
word 0.9672181 1044 465 1572 514 1036 543 1566 590
word 0.90165836 998 1803 1392 1797 1000 1893 1392 1887
word 0.9483666 911 2151 2350 2094 913 2219 2350 2159
word 0.92750156 913 1895 1087 1901 911 1961 1087 1966
word 0.989422 696 0 1047 13 690 95 1044 114
word 0.8357303 652 1607 1131 1612 650 1672 1131 1680
word 0.9318039 522 859 655 870 516 916 652 924
word 0.9758057 304 0 696 0 301 51 696 51
word 0.90335363 261 1912 571 1928 252 2042 565 2056
word 0.8359167 212 1689 565 1678 217 1825 568 1814
word 0.98606867 217 677 478 679 214 758 478 761
word 0.86981165 160 1814 652 1776 174 1971 663 1933
word 0.9776076 87 530 875 606 78 592 870 671
word 0.83603406 0 130 87 130 0 174 87 174
word 0.97521347 0 1574 522 1580 0 1651 522 1656
word 0.8930649 0 829 481 851 0 892 478 913
