word 0.71819264 1193 128 1258 126 1194 164 1258 162
word 0.701589 1152 356 1322 357 1150 376 1322 376
word 0.97496575 1108 622 1216 622 1109 645 1216 644
word 0.9199691 1109 304 1258 305 1108 326 1258 326
word 0.90026563 980 190 1280 184 981 225 1280 217
word 0.8909416 937 313 1066 305 938 333 1066 325
word 0.9197385 916 362 1045 362 917 388 1045 386
word 0.85488576 894 220 1045 213 896 245 1045 238
word 0.96026564 788 753 1237 741 789 777 1237 765
word 0.9657499 788 730 1237 716 789 754 1237 740
word 0.97310406 789 770 1173 772 788 793 1173 794
word 0.91159403 789 781 1088 798 788 801 1088 818
word 0.9579683 766 708 1130 697 768 730 1130 721
word 0.9780243 745 313 896 312 746 342 896 341
word 0.8914687 724 684 981 684 725 708 981 708
word 0.93994033 724 264 896 261 725 288 896 284
word 0.90950674 574 321 704 321 576 346 704 346
word 0.9589258 553 114 896 106 554 154 896 146
word 0.9721965 553 158 896 149 554 201 896 190
word 0.94895196 532 381 874 365 533 404 874 388
word 0.8979785 532 720 682 717 533 748 682 744
word 0.80371803 532 745 661 741 533 772 661 766
word 0.93927395 510 233 853 222 512 257 853 248
word 0.9288104 510 829 810 822 512 862 810 856
word 0.6628513 405 325 512 326 404 353 512 354
word 0.82542 277 672 462 705 261 757 448 790
word 0.9240815 233 332 341 330 234 362 341 361
word 0.95023894 190 654 554 649 192 685 554 680
word 0.8619354 190 394 426 389 192 416 426 410
word 0.89994925 170 284 469 288 169 305 469 309
