word 0.76672447 1211 484 1278 486 1209 526 1278 529
word 0.7734202 1189 525 1278 518 1194 581 1278 572
word 0.7663795 1159 379 1194 378 1160 398 1194 397
word 0.6228797 1125 252 1211 250 1126 285 1211 282
word 0.75015044 1123 892 1278 886 1126 958 1278 955
word 0.67608917 1088 798 1278 743 1109 871 1278 816
word 0.89615613 1108 155 1160 154 1109 195 1160 194
word 0.7088262 1107 444 1194 440 1109 473 1195 469
word 0.8271215 1092 406 1194 408 1091 429 1194 430
word 0.95059806 1022 332 1143 329 1024 362 1143 360
word 0.9676357 1004 720 1126 709 1006 741 1127 730
word 0.91437787 946 647 1126 621 955 710 1134 684
word 0.97112983 955 778 1024 780 954 809 1024 810
word 0.9090439 935 566 1177 555 938 632 1179 622
word 0.8144863 935 632 1058 620 938 663 1060 651
word 0.95029527 903 457 989 456 904 483 989 481
word 0.6873549 878 887 1024 871 887 958 1031 946
word 0.7305398 886 421 989 418 887 442 989 439
word 0.9854229 869 812 989 809 870 843 989 840
word 0.97880334 868 765 1126 746 870 794 1127 775
word 0.9121289 869 342 989 340 870 368 989 365
word 0.9100165 853 247 1058 251 852 279 1058 283
word 0.9116715 802 185 836 185 801 219 836 219
word 0.95626706 766 846 853 844 768 874 853 872
word 0.9865442 764 808 955 789 768 839 957 820
word 0.9746258 765 828 870 824 768 858 871 854
word 0.97184944 698 736 1126 727 699 765 1126 757
word 0.9544864 681 350 836 347 682 386 836 384
word 0.94106406 681 474 853 468 682 494 853 488
word 0.9524287 664 300 802 298 665 334 802 332
word 0.8155369 596 269 785 264 597 300 785 294
word 0.9845676 528 365 631 363 529 398 631 396
word 0.9781333 509 440 853 421 512 466 854 446
word 0.65480626 509 781 631 777 512 816 632 812
word 0.6772066 512 813 563 814 510 844 563 845
word 0.9795818 512 473 648 478 510 502 648 507
word 0.94612 491 886 768 867 494 931 770 912
word 0.9607119 475 193 785 183 477 237 786 228
word 0.8956037 443 274 563 274 442 301 563 301
word 0.96148026 408 724 563 718 409 753 563 747
word 0.6944783 392 374 426 375 391 403 426 404
word 0.94983774 256 733 307 733 254 761 307 761
word 0.9717883 236 870 375 867 238 923 376 919
word 0.9515684 237 344 426 340 238 368 426 363
word 0.68277377 221 803 375 803 220 853 375 854
word 0.8850008 204 836 392 838 203 878 392 881
word 0.98304373 116 740 256 732 119 779 258 772
word 0.8849145 118 390 238 389 119 422 238 421
word 0.88241357 100 508 392 492 102 534 393 518
word 0.9049456 101 461 375 451 102 487 375 476
word 0.6281041 102 887 137 888 100 938 136 939
word 0.9109738 50 337 204 333 51 371 204 368
