word 0.71412015 3076 1515 3176 1509 3089 1781 3187 1776
word 0.6080331 3087 1052 3220 1044 3089 1104 3220 1098
word 0.82706547 3089 1691 3182 1702 3081 1748 3176 1757
word 0.86147213 2915 429 3051 440 2907 522 3046 530
word 0.7964609 2782 1071 3046 1068 2785 1117 3046 1115
word 0.9660356 2654 903 3046 905 2651 973 3046 976
word 0.7646671 2567 1757 2872 1765 2564 1806 2872 1814
word 0.8572 2521 644 3089 636 2524 688 3089 679
word 0.9372604 2390 592 3133 579 2393 671 3133 658
word 0.96138644 2216 916 2567 916 2219 971 2567 971
word 0.9360034 2175 1044 2480 1049 2173 1098 2480 1101
word 0.93743443 2132 660 2524 669 2129 731 2524 739
word 0.7873335 2001 753 2175 756 1999 796 2175 796
word 0.80999184 1912 679 2001 679 1914 720 2001 720
word 0.903012 1784 1914 2654 1939 1781 1974 2654 1996
word 0.98507464 1740 2159 2480 2173 1738 2214 2480 2230
word 0.9506939 1740 2094 2480 2118 1738 2151 2480 2175
word 0.97154546 1740 2031 2828 2069 1738 2088 2828 2124
word 0.9556898 1740 1969 2872 2004 1738 2034 2872 2067
word 0.9538495 1694 913 2088 911 1697 984 2088 981
word 0.9802581 1651 1865 2219 1855 1653 1928 2219 1917
word 0.6321824 1648 679 1827 671 1653 739 1830 731
word 0.8027216 1607 769 2001 761 1610 848 2001 840
word 0.8691273 1479 666 1566 666 1476 728 1566 728
word 0.8024514 1392 614 1566 622 1389 663 1566 671
word 0.9089265 1262 922 1523 922 1259 979 1523 979
word 0.94014347 1172 486 2088 481 1175 576 2088 573
word 0.90239704 1172 1014 1479 1014 1175 1079 1479 1079
word 0.95236486 1172 378 2088 369 1175 467 2088 459
word 0.8650041 1085 1958 1479 1955 1087 2031 1479 2031
word 0.96107763 1085 2235 1827 2233 1087 2317 1827 2311
word 0.848011 1087 674 1392 679 1085 731 1392 737
word 0.7987756 870 1713 1175 1716 867 1776 1175 1776
word 0.7891305 783 916 1044 919 780 990 1044 992
word 0.8141608 609 1947 826 1950 606 2075 826 2078
word 0.91352665 565 723 1000 739 563 775 1000 791
word 0.91900283 467 2124 783 2097 478 2243 791 2219
word 0.8535581 413 1958 783 1876 435 2059 802 1977
word 0.9146438 388 2020 783 2020 391 2129 783 2127
word 0.8555301 255 930 565 916 261 998 568 981
word 0.922053 174 976 913 1000 171 1036 913 1060
word 0.8685608 127 777 522 772 130 848 522 845
word 0.75442207 130 1906 217 1912 127 1958 217 1963
