word 0.94583625 2365 809 2555 821 2360 849 2553 861
word 0.9863139 2325 1084 2553 1081 2327 1131 2553 1128
word 0.83007306 2325 990 2553 990 2327 1027 2553 1025
word 0.9597947 2325 237 2440 237 2327 316 2440 316
word 0.9652534 2327 901 2553 905 2325 945 2553 950
word 0.9710302 2137 642 2440 640 2140 692 2440 689
word 0.8400097 2137 1400 2402 1398 2140 1440 2402 1436
word 0.9455488 1952 502 2027 502 1950 563 2027 563
word 0.9603871 1912 382 2478 373 1914 443 2478 434
word 0.913162 1799 1100 2027 1098 1802 1140 2027 1138
word 0.79329866 1799 917 2027 910 1802 964 2027 959
word 0.9502612 1762 826 2027 821 1764 872 2027 870
word 0.8571113 1762 1004 2027 1002 1764 1053 2027 1051
word 0.8568381 1724 650 2027 650 1727 708 2027 708
word 0.9094675 1574 579 1689 574 1576 640 1689 638
word 0.7162671 1457 485 1539 471 1464 518 1544 504
word 0.979921 1424 1586 2402 1562 1426 1635 2402 1612
word 0.93887645 1424 1637 2402 1607 1426 1689 2402 1659
word 0.9816492 1424 1537 1839 1527 1426 1586 1839 1576
word 0.9653285 1424 1691 2102 1675 1426 1738 2102 1724
word 0.94674873 1424 1738 2440 1720 1426 1785 2440 1767
word 0.91886574 1274 657 1614 652 1276 725 1614 720
word 0.96809506 1276 1483 1389 1485 1274 1539 1389 1541
word 0.70980453 1276 474 1466 488 1271 525 1464 539
word 0.92272705 1236 544 1501 542 1239 607 1501 605
word 0.8479965 1124 481 1201 476 1126 523 1201 520
word 0.813178 1086 516 1201 513 1088 553 1201 551
word 0.9716951 936 680 1163 678 938 727 1163 727
word 0.83832854 898 1095 976 1095 901 1133 976 1133
word 0.8065195 898 1178 1013 1178 901 1227 1013 1227
word 0.9719387 898 1032 1652 1004 901 1084 1652 1056
word 0.95493317 898 1126 1652 1102 901 1170 1652 1147
word 0.9368843 858 316 1614 295 863 401 1616 380
word 0.9841715 861 211 1614 197 863 290 1614 279
word 0.7804757 861 1661 1013 1661 863 1708 1013 1706
word 0.93353736 861 941 1652 917 863 990 1652 966
word 0.8688625 823 1555 1126 1555 826 1621 1126 1619
word 0.9439316 786 1813 2440 1757 788 1872 2440 1816
word 0.95788527 748 476 1013 474 750 535 1013 530
word 0.92196685 635 1445 1239 1436 638 1511 1239 1501
word 0.65802675 638 675 755 689 631 734 750 748
word 0.82236034 520 692 600 687 525 750 603 746
word 0.9506775 335 645 750 638 337 692 750 685
word 0.7809628 136 1530 450 1492 150 1640 462 1605
word 0.96207976 147 1623 488 1619 150 1701 488 1696
word 0.8689176 140 1694 450 1673 150 1804 457 1783
word 0.96204025 112 692 337 692 110 757 337 757
word 0.9687161 72 1058 788 1041 75 1107 788 1091
word 0.82370865 72 1152 638 1133 75 1196 638 1178
word 0.8258089 72 964 713 948 75 1009 713 994
word 0.90511894 72 882 750 861 75 926 750 908
word 0.9648933 0 1412 413 1403 0 1466 413 1459
word 0.9099905 0 581 300 572 0 642 300 635
