word 0.7690968 5237 3358 5430 3354 5241 3540 5430 3536
word 0.60211474 5229 3054 5430 3042 5241 3236 5438 3224
word 0.6781919 5241 2766 5434 2774 5233 2944 5430 2952
word 0.66937286 5110 1476 5241 1476 5114 1582 5241 1582
word 0.85765916 5110 1590 5430 1586 5114 1752 5430 1748
word 0.88341063 5103 1314 5430 1290 5114 1444 5438 1420
word 0.6480219 5114 2442 5450 2502 5091 2561 5430 2616
word 0.6274896 4846 1527 5430 1436 5051 2833 5466 2738
word 0.9126149 4799 276 5051 280 4795 445 5051 449
word 0.79643756 4416 2565 4799 2565 4420 2648 4799 2648
word 0.96694744 4420 1085 4988 1089 4416 1191 4988 1195
word 0.93663824 4104 639 5178 647 4100 710 5178 714
word 0.98694813 3978 544 5114 544 3974 666 5114 666
word 0.89211 3725 1357 4167 1361 3721 1436 4167 1440
word 0.9342028 3662 1077 4167 1085 3658 1172 4167 1184
word 0.9124165 3469 655 3978 651 3473 769 3978 769
word 0.8510337 3409 848 3599 852 3405 943 3599 947
word 0.8265635 3031 3303 3599 3307 3027 3362 3599 3366
word 0.9524789 3031 3086 4988 3098 3027 3184 4988 3192
word 0.9926371 3031 3188 4925 3200 3027 3287 4925 3299
word 0.8271082 3031 674 3283 674 3027 749 3283 749
word 0.972931 3031 2975 4988 2987 3027 3078 4988 3090
word 0.9636779 3031 2774 3788 2782 3027 2857 3788 2865
word 0.991481 3031 2865 4230 2877 3027 2971 4230 2983
word 0.93413746 2778 1073 3409 1081 2774 1176 3409 1184
word 0.8933591 2711 1345 3473 1341 2715 1408 3473 1408
word 0.9449841 2711 2742 2967 2742 2715 2861 2967 2861
word 0.86600316 2652 836 3220 840 2648 943 3220 947
word 0.6922163 2399 659 2967 663 2395 749 2967 753
word 0.91023254 2083 1077 2525 1077 2079 1172 2525 1172
word 0.901642 2020 1330 2462 1337 2016 1432 2462 1436
word 0.9215743 2020 2995 2214 3011 2012 3082 2210 3094
word 0.90283346 1957 331 3473 339 1953 493 3473 501
word 0.9578337 1957 118 3473 134 1953 280 3473 292
word 0.9400413 1827 2877 2336 2873 1831 2995 2336 2995
word 0.98357433 1768 655 2210 659 1764 753 2210 761
word 0.96239865 1704 3374 2967 3378 1701 3504 2967 3508
word 0.9731142 1511 2549 2020 2545 1515 2660 2020 2656
word 0.79363555 1515 1061 1704 1065 1511 1176 1704 1180
word 0.8598314 1258 1065 1452 1057 1262 1176 1452 1168
word 0.8830287 1136 1330 1452 1337 1132 1428 1452 1432
word 0.971715 947 884 1704 884 943 962 1704 962
word 0.8403139 690 2841 1199 2841 694 3184 1199 3184
word 0.8565534 568 2675 1148 2707 552 2896 1136 2932
word 0.96855134 438 1061 884 1061 442 1176 884 1172
word 0.61755747 378 1330 1073 1337 374 1424 1073 1432
word 0.95441896 252 2525 1010 2533 248 2628 1010 2632
word 0.88405335 252 820 820 828 248 919 820 927
word 0.6373855 122 3109 252 3109 126 3378 252 3378
word 0.65780216 0 1866 126 1866 0 1989 126 1993
word 0.7326834 0 363 126 363 0 489 126 485
word 0.64830196 0 2486 126 2486 0 2533 126 2533
word 0.7353923 0 1562 126 1558 0 1689 130 1685
word 0.765944 0 2758 252 2746 0 2881 256 2869
word 0.7168942 0 655 126 659 0 793 126 793
