word 0.753566 5256 3312 5385 3316 5248 3492 5381 3496
word 0.6708012 5103 1275 5381 1224 5131 1423 5405 1372
word 0.73411405 5127 1857 5444 1846 5131 1982 5444 1971
word 0.69439197 5131 1666 5256 1666 5127 1771 5256 1775
word 0.64374775 4881 2072 5068 2076 4877 2147 5068 2147
word 0.6814392 4818 226 5006 230 4814 398 5006 402
word 0.6230069 4751 1505 5068 1490 4755 1587 5068 1576
word 0.673255 4751 1877 5068 1873 4755 1967 5068 1963
word 0.6741328 4439 2522 4943 2510 4443 2596 4943 2589
word 0.88610536 4380 1044 5006 1055 4376 1157 5006 1165
word 0.90011644 4126 606 5193 602 4130 672 5193 668
word 0.9441129 4004 516 5131 524 4001 621 5131 629
word 0.93982154 3750 1877 4192 1873 3754 1955 4192 1955
word 0.95342505 3754 1681 4192 1681 3750 1767 4192 1767
word 0.9562662 3754 1494 4192 1494 3750 1576 4192 1580
word 0.95990807 3754 1310 4192 1314 3750 1392 4192 1396
word 0.9515058 3629 1044 4192 1044 3625 1157 4192 1157
word 0.7143854 3500 637 4004 629 3504 739 4004 731
word 0.87123966 3375 813 3942 809 3379 915 3942 911
word 0.9410108 3250 320 3441 320 3254 461 3441 461
word 0.90577227 3066 2948 4943 2948 3062 3042 4943 3042
word 0.72127223 3066 3277 4630 3281 3062 3340 4630 3343
word 0.94657254 3003 3054 5006 3058 2999 3156 5006 3160
word 0.96577626 3003 2831 4881 2843 2999 2937 4881 2948
word 0.662565 2753 629 2941 629 2749 719 2941 723
word 0.88241315 2753 1040 3441 1044 2749 1157 3441 1161
word 0.96849155 2690 2049 3441 2053 2686 2131 3441 2131
word 0.92113715 2690 1482 3441 1482 2686 1552 3441 1556
word 0.9545428 2690 1670 3441 1670 2686 1744 3441 1744
word 0.9250425 2690 817 3191 817 2686 915 3191 915
word 0.9506612 2690 2726 3754 2733 2686 2827 3754 2831
word 0.9264949 2436 117 3441 93 2440 277 3441 258
word 0.8895984 2436 637 2628 633 2440 719 2628 715
word 0.91956174 2061 1063 2503 1059 2065 1157 2503 1153
word 0.95692414 1998 1474 2252 1470 2002 1587 2252 1580
word 0.9843025 1998 1873 3441 1853 2002 1955 3441 1935
word 0.9887587 1998 1302 3441 1286 2002 1396 3441 1380
word 0.940543 1998 2049 2503 2041 2002 2162 2503 2155
word 0.9554453 1998 1666 2503 1662 2002 1783 2503 1775
word 0.8457313 2002 1963 2252 1963 1998 2068 2252 2068
word 0.90866387 1939 308 3191 308 1935 473 3191 477
word 0.9771854 1939 93 2377 97 1935 265 2377 269
word 0.6699075 1939 2968 2127 2976 1935 3062 2127 3066
word 0.8439727 1810 2866 2190 2862 1814 2976 2190 2976
word 0.9301769 1748 3379 2941 3367 1752 3492 2941 3480
word 0.7382659 1752 637 2190 641 1748 731 2190 735
word 0.7853151 1497 1040 1689 1036 1501 1165 1689 1161
word 0.91844666 1501 2518 2753 2518 1497 2624 2753 2624
word 0.8144319 1247 1044 1439 1040 1251 1165 1439 1161
word 0.92623246 1185 1662 1627 1662 1188 1775 1627 1775
word 0.9680671 934 860 2377 852 938 942 2377 934
word 0.6049781 747 3363 876 3363 750 3410 876 3410
word 0.8237225 563 3089 1009 3117 551 3293 1001 3316
word 0.7311695 563 2694 1157 2769 527 2952 1126 3027
word 0.7654352 500 2870 1087 2925 473 3121 1063 3175
word 0.9363379 434 1052 876 1048 438 1165 876 1165
word 0.9127332 371 1490 1627 1478 375 1583 1627 1576
word 0.95556974 371 1302 1689 1302 375 1396 1689 1396
word 0.95365953 371 1873 1439 1861 375 1959 1439 1951
word 0.9661832 371 1681 1126 1681 375 1763 1126 1763
word 0.93622553 371 2061 1439 2061 375 2147 1439 2143
word 0.9421267 246 2522 1001 2514 250 2632 1001 2624
word 0.9224361 250 817 750 821 246 915 750 919
word 0.653985 0 2745 250 2729 0 2859 254 2843
word 0.7149979 0 3340 125 3340 0 3465 125 3465
