word 0.66391367 1201 458 1228 459 1200 482 1228 482
word 0.7508396 1078 5 1133 5 1077 42 1133 43
word 0.739871 1036 228 1187 225 1037 254 1187 250
word 0.9024744 1035 496 1146 489 1037 517 1147 511
word 0.9306427 1009 172 1146 172 1010 199 1146 198
word 0.9396809 901 64 1160 65 900 91 1160 92
word 0.9802531 859 237 955 235 860 261 955 259
word 0.92731094 845 181 969 178 846 205 969 201
word 0.87685746 803 93 1024 83 805 118 1024 109
word 0.9199866 763 135 832 133 764 159 832 157
word 0.9574873 721 635 1174 611 723 660 1175 637
word 0.9777193 721 660 1174 638 723 686 1175 663
word 0.9566955 721 610 1174 588 723 635 1175 613
word 0.9333322 708 587 1064 570 709 611 1065 595
word 0.9641585 668 559 901 557 669 584 901 581
word 0.93134975 654 188 805 185 655 215 805 211
word 0.97643816 640 139 750 139 641 165 750 163
word 0.9083272 558 105 764 102 559 127 764 123
word 0.9470173 504 194 600 194 505 218 600 218
word 0.8305829 477 2 805 0 477 33 805 24
word 0.8852581 463 631 573 630 464 656 573 655
word 0.97281677 462 255 805 240 464 279 806 264
word 0.81672066 463 600 587 599 464 634 587 633
word 0.8978887 463 38 805 30 464 75 805 68
word 0.93962073 436 108 546 107 436 132 546 131
word 0.73648864 382 197 423 197 381 226 423 226
word 0.95930463 366 532 518 527 368 558 519 552
word 0.69714373 313 200 368 199 314 227 368 226
word 0.8172863 257 651 300 650 259 676 301 674
word 0.9628032 231 164 395 162 232 186 395 183
word 0.9434159 150 564 301 566 148 621 300 623
word 0.88777226 133 609 314 601 136 672 316 663
word 0.91032547 136 663 300 663 135 709 300 710
word 0.929396 122 209 232 206 122 237 232 234
word 0.97638196 94 268 327 261 95 293 327 287
word 0.9626034 81 157 218 155 81 185 218 184
word 0.9116479 81 534 273 531 81 573 273 570
