word 0.8502992 1075 138 1126 138 1074 171 1126 171
word 0.97032624 1075 358 1194 358 1074 378 1194 379
word 0.61153793 1160 341 1278 390 1049 697 1211 747
word 0.9934201 1005 613 1109 613 1006 635 1109 635
word 0.8508739 989 300 1143 302 988 327 1143 329
word 0.612618 902 769 972 764 904 788 973 785
word 0.9843788 836 301 955 301 835 324 955 324
word 0.8902278 836 355 955 356 835 377 955 378
word 0.918086 800 206 1177 189 802 240 1178 222
word 0.8439506 698 778 955 777 699 795 955 794
word 0.9417481 699 756 1006 756 698 773 1006 773
word 0.92661005 699 706 1126 708 698 726 1126 729
word 0.99796915 699 726 1126 731 698 748 1126 754
word 0.9803269 648 295 785 299 647 324 785 327
word 0.958473 630 216 750 214 631 235 750 233
word 0.95255494 631 249 836 252 630 273 836 276
word 0.9626411 631 654 870 662 630 677 870 684
word 0.9043474 562 216 614 214 563 234 614 232
word 0.8896726 493 300 597 299 494 320 597 318
word 0.98051757 477 139 802 144 476 177 802 181
word 0.95287776 477 98 802 105 476 133 802 139
word 0.9590769 459 354 802 353 460 376 802 375
word 0.9177225 442 681 563 680 443 712 563 711
word 0.9566614 443 708 546 709 442 736 546 738
word 0.89726806 426 206 530 211 424 230 529 234
word 0.93327713 408 791 699 790 409 824 699 823
word 0.76825356 375 292 409 292 374 320 409 320
word 0.957063 357 615 512 613 358 637 512 636
word 0.76413435 324 289 359 290 322 318 358 320
word 0.98596585 238 251 409 256 237 273 409 276
word 0.9461294 152 640 290 638 153 689 290 689
word 0.9551794 135 285 238 285 136 316 238 316
word 0.89735365 102 350 341 354 101 369 341 372
word 0.92583454 85 233 221 234 84 264 221 265
word 0.9665808 85 601 273 604 84 634 273 637
