word 0.75288844 4968 2558 5112 2562 4959 2676 5108 2685
word 0.6847121 4618 498 4898 502 4613 634 4898 638
word 0.78832483 4469 1517 5178 1465 4478 1626 5182 1570
word 0.8441233 4194 2663 4758 2663 4198 2755 4758 2755
word 0.8893776 4198 1255 4898 1263 4194 1355 4898 1364
word 0.9321567 3774 752 5038 725 3778 883 5038 857
word 0.965347 3498 1263 4058 1263 3494 1351 4058 1351
word 0.9106063 3498 1508 3988 1513 3494 1591 3988 1596
word 0.93112576 3498 1670 3988 1679 3494 1766 3988 1771
word 0.8494929 3358 861 3918 861 3354 979 3918 979
word 0.946588 2798 2995 4762 3078 2790 3113 4758 3196
word 0.947227 2798 3192 4552 3271 2790 3306 4548 3384
word 0.950257 2798 2899 4762 2995 2790 3013 4758 3113
word 0.9659323 2798 3087 4762 3188 2790 3210 4758 3310
word 0.9020668 2584 1053 3498 1045 2589 1150 3498 1141
word 0.9731824 2589 1657 3288 1661 2584 1740 3288 1744
word 0.9112665 2589 2777 3642 2847 2580 2882 3638 2952
word 0.9325619 2029 1272 2449 1277 2024 1351 2449 1351
word 0.96356976 1954 599 3358 581 1959 760 3358 743
word 0.941936 1954 437 3358 402 1959 586 3358 551
word 0.91375095 1884 1504 3288 1482 1889 1587 3288 1565
word 0.9628773 1889 1653 2449 1657 1884 1753 2449 1758
word 0.96510524 1744 900 3148 879 1749 997 3148 975
word 0.7870339 1744 2851 2309 2847 1749 2991 2309 2986
word 0.88962233 1679 3297 2873 3341 1670 3454 2868 3498
word 0.97921526 1469 2558 2169 2571 1465 2663 2169 2676
word 0.8061567 1329 1250 1749 1250 1325 1381 1749 1381
word 0.7946489 835 2969 1119 2965 839 3087 1119 3083
word 0.76209444 629 1259 1119 1259 625 1377 1119 1381
word 0.7923656 629 1486 1399 1495 625 1561 1399 1565
word 0.90927875 559 1648 1469 1657 555 1731 1469 1736
word 0.9548228 559 1075 1679 1097 555 1172 1679 1193
word 0.9382513 489 2479 1189 2497 485 2615 1189 2632
