word 0.72056484 3174 726 3261 720 3176 777 3261 775
word 0.94310236 3171 1863 3261 1857 3176 1912 3261 1909
word 0.75779176 3174 1204 3261 1204 3176 1262 3261 1262
word 0.8512953 3168 2048 3261 2034 3176 2097 3261 2083
word 0.9439485 3176 573 3261 576 3174 652 3261 652
word 0.78103745 2828 1164 3046 1169 2826 1223 3046 1226
word 0.9003833 2785 443 2915 446 2782 533 2915 535
word 0.87226146 2564 897 2959 892 2567 971 2959 968
word 0.92787755 2567 1727 2872 1727 2564 1773 2872 1773
word 0.8414644 2518 1085 3261 1025 2524 1136 3261 1079
word 0.9642495 2301 609 3002 579 2306 688 3005 658
word 0.84419984 2173 1183 2437 1183 2175 1234 2437 1234
word 0.9098586 2129 922 2480 919 2132 973 2480 971
word 0.9587947 2039 699 3046 650 2045 758 3049 707
word 0.9138875 1781 1974 2872 1961 1784 2020 2872 2010
word 0.90154123 1781 2029 2872 2015 1784 2083 2872 2069
word 0.98257375 1781 2086 2915 2072 1784 2140 2915 2129
word 0.9896731 1781 1909 2915 1901 1784 1966 2915 1958
word 0.9494184 1651 930 2001 924 1653 998 2001 995
word 0.8971463 1653 1835 2219 1857 1651 1887 2219 1912
word 0.8807482 1607 1202 2001 1188 1610 1243 2001 1229
word 0.9111617 1610 799 2132 815 1607 867 2132 883
word 0.92032045 1517 2399 2785 2290 1523 2445 2787 2355
word 0.80404925 1433 723 1784 712 1436 788 1784 777
word 0.66579753 1256 1349 1392 1340 1262 1406 1395 1398
word 0.96052736 1259 954 1523 951 1262 1009 1523 1009
word 0.8756536 1213 443 2045 413 1218 530 2048 500
word 0.94820654 1215 1112 2045 1085 1218 1161 2045 1134
word 0.8614998 1218 1996 1392 1999 1215 2053 1392 2056
word 0.9431075 1172 549 2045 524 1175 644 2045 620
word 0.9603042 1172 1898 1479 1895 1175 1980 1479 1977
word 0.9206592 1128 2186 1871 2167 1131 2252 1871 2233
word 0.9211975 1085 728 1392 723 1087 794 1392 788
word 0.7786976 954 1767 1436 1751 957 1814 1436 1800
word 0.8894806 913 2271 1349 2271 911 2382 1349 2385
word 0.82870203 824 960 1087 957 826 1028 1087 1025
word 0.6413923 693 2116 826 2113 696 2154 826 2154
word 0.9532317 650 886 1044 881 652 930 1044 922
word 0.9257765 565 1898 960 1909 560 2034 957 2045
word 0.837154 388 968 652 968 391 1036 652 1033
word 0.9059364 345 1234 957 1226 348 1278 957 1272
word 0.8828211 301 1746 739 1746 304 1808 739 1806
word 0.9575662 301 1136 913 1123 304 1191 913 1175
word 0.6072382 258 2271 609 2265 261 2439 609 2434
word 0.67677206 258 1849 348 1849 261 2121 348 2118
word 0.85590035 261 843 609 848 258 908 609 913
word 0.83807445 174 2309 269 2317 163 2442 261 2445
word 0.67068577 130 2110 239 2129 106 2243 217 2265
word 0.63693225 0 1379 554 1495 0 2366 348 2445
word 0.712032 0 1330 261 1321 0 1392 261 1384
