word 0.9048279 2271 974 2374 974 2269 1008 2374 1008
word 0.7318749 2232 477 2340 473 2237 546 2342 544
word 0.7747689 2166 1056 2374 1054 2168 1094 2374 1092
word 0.98075104 2065 845 2340 845 2062 901 2340 901
word 0.9290226 2028 1518 2271 1516 2030 1557 2271 1557
word 0.92447263 1959 647 2374 638 1961 688 2374 679
word 0.9419547 1927 271 2030 273 1925 324 2030 329
word 0.98424536 1890 64 2099 58 1892 124 2099 118
word 0.9814601 1890 27 2099 19 1892 79 2099 70
word 0.91612524 1821 608 2409 591 1824 673 2409 653
word 0.92862344 1753 337 2065 324 1755 385 2065 372
word 0.9067565 1684 858 1961 858 1686 903 1961 903
word 0.9877321 1686 1060 1892 1060 1684 1105 1892 1107
word 0.8590382 1686 983 1892 985 1684 1019 1892 1021
word 0.96636516 1611 273 2065 225 1617 331 2069 283
word 0.86923456 1617 666 1892 668 1615 727 1892 729
word 0.91909266 1507 172 2099 118 1514 238 2103 182
word 0.9735268 1436 47 1824 6 1445 124 1830 81
word 0.8958977 1374 1761 2305 1757 1376 1809 2305 1804
word 0.94746643 1374 1712 2305 1705 1376 1761 2305 1755
word 0.96233314 1374 1813 2271 1806 1376 1858 2271 1852
word 0.88651216 1376 1664 2271 1664 1374 1710 2271 1712
word 0.96392655 1337 342 1617 326 1342 397 1619 382
word 0.95564324 1271 763 1652 759 1273 810 1652 804
word 0.86339337 1273 1615 1755 1621 1271 1658 1755 1664
word 0.96747506 1202 307 1927 294 1204 365 1927 352
word 0.74291307 995 881 1204 871 998 922 1204 914
word 0.9475706 924 550 1617 529 929 630 1619 608
word 0.9267334 927 449 1617 438 929 533 1617 522
word 0.80166996 892 1675 1135 1671 894 1744 1135 1740
word 0.8981994 892 995 1583 978 894 1036 1583 1019
word 0.9435126 892 1075 1583 1060 894 1120 1583 1103
word 0.8899491 894 1742 1032 1744 892 1787 1032 1789
word 0.86366755 894 146 1211 161 886 288 1204 303
word 0.92302674 858 694 1548 679 860 742 1548 727
word 0.8997668 789 0 1066 0 791 43 1066 40
word 0.9627745 709 109 1342 34 722 210 1353 135
word 0.9686352 686 1538 1204 1525 688 1593 1204 1581
word 0.7879558 617 871 860 869 619 933 860 931
word 0.6933055 447 1692 552 1697 443 1748 550 1753
word 0.81903946 238 884 481 877 240 942 481 935
word 0.8806583 240 279 447 281 238 376 447 378
word 0.93664366 169 1531 550 1529 172 1593 550 1591
word 0.90225214 169 1008 688 1004 172 1047 688 1041
word 0.9336488 169 1092 619 1086 172 1133 619 1127
word 0.93561494 172 787 757 800 169 832 757 845
word 0.9034503 27 217 653 178 34 301 658 262
word 0.6971326 0 653 103 656 0 763 103 763
