word 0.64346564 1192 394 1280 388 1194 413 1281 406
word 0.8430233 1149 124 1216 121 1152 165 1217 162
word 0.76970166 1152 350 1280 353 1150 369 1280 372
word 0.8688858 1129 730 1216 730 1130 753 1216 752
word 0.9863187 1088 613 1194 613 1086 634 1194 634
word 0.8013649 1066 301 1237 301 1065 325 1237 325
word 0.90940875 958 188 1258 177 960 217 1258 206
word 0.9739785 937 118 1088 117 938 161 1088 160
word 0.9664197 916 305 1045 304 917 328 1045 325
word 0.9449054 916 356 1024 356 917 376 1024 376
word 0.8556801 917 397 1024 397 916 416 1024 417
word 0.7843239 873 218 1024 216 874 240 1024 237
word 0.9004621 766 796 1066 786 768 816 1066 806
word 0.97258586 766 773 1173 757 768 796 1173 781
word 0.96358883 766 748 1130 737 768 772 1130 761
word 0.9520688 768 721 1109 722 766 744 1109 745
word 0.95482355 768 696 1216 713 766 718 1216 734
word 0.9020114 724 305 874 304 725 333 874 332
word 0.9392788 701 261 917 246 704 286 918 270
word 0.95261174 704 676 1216 692 702 697 1216 714
word 0.9175372 553 314 682 313 554 340 682 340
word 0.9662813 532 366 874 350 533 389 874 373
word 0.9124708 532 406 874 394 533 429 874 416
word 0.9642341 530 153 874 141 533 194 876 182
word 0.96082604 532 112 874 100 533 149 874 137
word 0.75218594 508 714 661 701 512 753 664 740
word 0.89981157 489 822 789 814 490 856 789 849
word 0.89685607 489 228 832 214 490 250 832 237
word 0.9771542 425 634 618 632 426 660 618 656
word 0.8441139 384 317 512 317 382 350 512 350
word 0.90103817 233 700 405 698 234 766 405 765
word 0.8361904 233 672 384 670 234 718 384 718
word 0.7621859 190 322 320 321 192 356 320 354
word 0.91276413 169 413 426 413 170 432 426 432
word 0.7466804 170 644 320 646 169 668 320 672
word 0.9507695 148 277 469 265 149 302 469 292
