word 0.75593024 1152 377 1301 378 1150 398 1301 400
word 0.9794968 1086 313 1237 313 1088 341 1237 341
word 0.95357656 1086 640 1216 640 1088 664 1216 664
word 0.91603404 1024 133 1237 137 1022 172 1237 176
word 0.97894216 1001 198 1258 197 1002 221 1258 220
word 0.96066827 937 420 1045 420 938 440 1045 440
word 0.986647 937 377 1045 377 938 400 1045 400
word 0.90909433 916 316 1066 313 917 341 1066 338
word 0.9122817 894 226 1280 216 896 249 1280 237
word 0.95242846 789 740 1216 744 788 761 1216 764
word 0.89236915 789 705 1216 716 788 724 1216 736
word 0.92839867 766 813 917 812 768 836 917 834
word 0.96131265 766 786 1173 781 768 809 1173 804
word 0.94437927 768 718 1216 733 766 738 1216 754
word 0.9611391 724 317 896 314 725 345 896 344
word 0.8112168 725 690 960 692 724 710 960 712
word 0.88114816 702 420 874 420 704 438 874 437
word 0.8556692 704 261 917 262 702 294 917 296
word 0.828296 554 320 682 320 553 344 682 344
word 0.9511115 532 112 874 110 533 152 874 149
word 0.9821547 532 381 874 373 533 405 874 398
word 0.9200568 532 741 618 741 533 772 618 772
word 0.9552601 532 156 874 150 533 198 874 193
word 0.90920025 533 417 682 418 532 442 682 444
word 0.9181522 489 229 853 228 490 254 853 252
word 0.959371 489 828 768 825 490 860 768 858
word 0.93497145 446 648 682 644 448 673 682 669
word 0.68393904 384 321 512 321 382 350 512 350
word 0.9860222 276 690 362 690 277 733 362 733
word 0.9778739 250 726 405 713 256 781 409 766
word 0.95279485 213 324 320 325 212 349 320 350
word 0.95104665 169 384 426 384 170 408 426 408
word 0.9323456 169 644 362 642 170 669 362 666
word 0.9311051 169 422 426 421 170 448 426 446
word 0.93875414 170 274 490 285 169 297 490 309
