word 0.9258492 1242 148 1278 145 1245 179 1278 176
word 0.67833716 1245 892 1278 894 1243 923 1278 925
word 0.8862854 1208 52 1278 50 1211 105 1278 102
word 0.94933856 1211 82 1278 82 1210 138 1278 139
word 0.7980988 1159 373 1228 372 1160 394 1228 394
word 0.8159811 1143 413 1228 413 1142 432 1228 433
word 0.8631096 1125 146 1177 145 1126 181 1177 181
word 0.8948773 1091 640 1211 636 1092 669 1211 665
word 0.7738831 1058 308 1194 310 1057 333 1194 336
word 0.9469882 971 0 1245 0 972 54 1245 51
word 0.9622765 954 195 1211 195 955 222 1211 222
word 0.8090062 920 411 1024 410 921 437 1024 436
word 0.8946088 903 371 1024 371 904 396 1024 396
word 0.79588145 887 308 1024 309 886 333 1024 334
word 0.9461495 852 218 1211 216 853 243 1211 241
word 0.9841722 782 818 1177 793 785 849 1178 824
word 0.94814783 782 844 1075 826 785 874 1076 856
word 0.98551995 782 791 1228 764 785 821 1229 793
word 0.9522297 765 739 1228 715 768 768 1229 744
word 0.89172506 698 706 972 705 699 737 972 736
word 0.8863726 699 309 853 310 698 336 853 337
word 0.92863417 682 257 802 258 681 284 802 285
word 0.88875353 597 216 819 220 596 241 819 245
word 0.7347232 529 310 648 311 528 332 648 333
word 0.92793834 493 416 853 410 494 441 853 436
word 0.6547471 491 754 631 744 494 792 633 782
word 0.9605807 493 371 648 371 494 397 648 397
word 0.96165437 494 144 836 149 493 180 836 185
word 0.92339355 494 101 836 110 493 134 836 144
word 0.95991665 457 883 785 864 460 936 787 917
word 0.8381827 442 214 580 213 443 242 580 242
word 0.93247056 373 673 597 664 375 705 598 696
word 0.9507914 238 266 426 266 237 286 426 288
word 0.6898072 150 773 358 769 153 884 360 880
word 0.8749665 119 307 238 309 118 336 238 337
word 0.878573 67 418 358 418 68 443 358 443
word 0.9566983 68 372 375 373 67 396 375 397
word 0.9466385 50 679 273 675 51 712 273 708
word 0.88253516 51 250 221 251 50 281 221 283
word 0.607733 0 740 34 739 0 887 38 886
