word 0.81134015 2374 1017 2512 1021 2372 1060 2512 1064
word 0.7236351 2340 1329 2411 1335 2336 1372 2409 1376
word 0.9835044 2232 933 2409 922 2237 972 2411 959
word 0.8257328 2202 400 2340 402 2200 471 2340 471
word 0.85351753 2133 849 2443 851 2131 890 2443 892
word 0.98852515 2030 750 2305 752 2028 798 2305 802
word 0.8728454 1996 1363 2202 1363 1994 1393 2202 1396
word 0.9406449 1821 522 2374 516 1824 578 2374 570
word 0.9885928 1686 922 1892 924 1684 967 1892 970
word 0.9582411 1686 750 1961 755 1684 798 1961 800
word 0.8381511 1686 845 1927 851 1684 886 1927 890
word 0.8773448 1617 567 1961 570 1615 628 1961 632
word 0.9550609 1376 1598 2202 1626 1374 1636 2202 1667
word 0.93611 1376 1553 2237 1583 1374 1593 2237 1624
word 0.95642114 1376 1510 2237 1540 1374 1553 2237 1583
word 0.94432324 1376 1636 1927 1658 1374 1677 1927 1699
word 0.95139915 1376 1462 2237 1503 1374 1503 2237 1544
word 0.96403956 1307 750 1617 752 1305 802 1617 804
word 0.89593023 1269 664 1652 638 1273 707 1654 684
word 0.9691794 1273 918 1583 918 1271 952 1583 955
word 0.9508714 1273 1426 1720 1428 1271 1473 1720 1475
word 0.788249 1170 1772 1411 1774 1168 1839 1411 1839
word 0.86643916 1135 565 1548 580 1133 608 1548 623
word 0.9191241 1030 759 1239 757 1032 802 1239 800
word 0.90830433 961 916 1239 916 963 961 1239 961
word 0.99019545 961 357 1617 350 963 428 1617 421
word 0.9422657 961 449 1617 432 963 522 1617 505
word 0.9149685 963 841 1583 843 961 879 1583 879
word 0.7255747 927 1875 1170 1871 929 1933 1170 1933
word 0.84177005 924 1486 1204 1475 929 1548 1206 1535
word 0.9772914 892 582 1101 580 894 628 1101 628
word 0.9316068 894 1675 1411 1682 892 1735 1411 1744
word 0.9274627 757 1331 1066 1333 755 1378 1066 1381
word 0.90012926 688 748 894 752 686 802 894 808
word 0.92378175 447 1415 694 1432 438 1516 688 1535
word 0.75003594 378 1796 481 1796 376 1933 481 1933
word 0.92189676 344 750 550 750 342 800 550 800
word 0.85656923 309 838 722 838 307 875 722 877
word 0.9383246 309 916 757 918 307 950 757 955
word 0.9496236 273 1337 619 1337 275 1387 619 1387
word 0.6409844 0 1340 225 1415 0 1611 137 1686
word 0.7470412 0 1056 103 1062 0 1086 103 1092
