word 0.93577445 10394 2901 10656 2894 10402 3123 10656 3116
word 0.8610327 10386 2576 10910 2561 10402 2830 10918 2806
word 0.9195617 9760 483 10148 475 9768 832 10148 832
word 0.9310592 9387 2664 10275 2664 9379 2822 10275 2822
word 0.9813382 9007 2124 10148 2140 8999 2339 10148 2362
word 0.9303011 8745 5082 9768 5082 8753 5233 9768 5233
word 0.648358 8119 1379 8388 1403 8095 1569 8372 1593
word 0.9874717 7976 1213 9134 1173 7992 1435 9142 1387
word 0.8829186 7992 1046 10410 1133 7976 1276 10402 1363
word 0.8641443 7350 2124 8626 2124 7358 2346 8626 2339
word 0.9866675 7358 2672 8246 2672 7350 2830 8246 2830
word 0.8481674 7104 1300 7992 1316 7096 1514 7992 1530
word 0.9713998 5962 6604 8499 6612 5954 6747 8499 6747
word 0.8978081 5827 5732 8880 5732 5835 5914 8880 5914
word 0.9692978 5835 6152 9895 6152 5827 6358 9895 6358
word 0.984241 5708 2117 6977 2124 5700 2354 6977 2362
word 0.9639108 5581 5494 7484 5526 5574 5700 7484 5732
word 0.82530075 5455 1665 7231 1665 5447 1855 7231 1863
word 0.95575887 4305 2156 5201 2140 4313 2346 5201 2331
word 0.9321561 4051 650 7104 650 4059 975 7104 975
word 0.92587805 4059 229 7104 237 4051 555 7104 562
word 0.98593265 3797 2656 6850 2640 3805 2830 6850 2814
word 0.8190154 3797 5748 4820 5724 3805 5978 4820 5954
word 0.9063901 3679 1324 6216 1324 3671 1490 6216 1490
word 0.8270755 3679 5994 4440 6002 3671 6192 4440 6192
word 0.92439765 3552 6747 6089 6747 3544 7001 6089 7001
word 0.8371609 3171 2101 3552 2109 3163 2354 3552 2354
word 0.90735984 2917 5090 4313 5098 2909 5304 4313 5304
word 0.86819696 2656 2117 3044 2109 2664 2346 3044 2339
word 0.74274206 1839 5677 2537 5589 1902 6105 2592 6018
word 0.72056013 1522 5367 2410 5375 1514 5772 2410 5772
word 0.9292214 1268 6311 2037 6335 1252 6691 2029 6715
word 0.88948846 1141 5867 2695 5946 1102 6493 2664 6573
word 0.96272004 1014 2109 1902 2117 1006 2354 1902 2354
word 0.98792034 626 5042 2156 5042 634 5272 2156 5272
word 0.9681443 634 1657 3179 1768 618 1831 3171 1950
word 0.89382917 507 2648 2664 2656 499 2822 2664 2830
word 0.7461909 118 4860 380 4860 126 5217 380 5209
word 0.8257544 126 3068 380 3076 118 3433 380 3441
word 0.6296816 126 2553 396 2576 103 2806 380 2822
word 0.83179843 0 5463 634 5439 0 5843 642 5819
