word 0.7012746 2189 645 2443 628 2237 1411 2488 1396
word 0.7751273 2196 1561 2271 1559 2202 1718 2275 1716
word 0.91012627 2202 1677 2280 1684 2191 1789 2271 1794
word 0.7576567 2136 851 2237 841 2168 1142 2267 1129
word 0.9117398 2062 658 2237 651 2065 696 2237 690
word 0.852372 2026 230 2133 225 2030 299 2136 294
word 0.77761847 1991 733 2237 716 1996 770 2239 752
word 0.72265613 1989 1557 2065 1553 1996 1628 2069 1621
word 0.9338255 1858 1131 2099 1135 1856 1174 2099 1178
word 0.8696713 1858 544 2133 548 1856 591 2133 595
word 0.94734585 1720 326 2305 331 1718 385 2305 387
word 0.96361595 1583 542 1824 542 1581 587 1824 587
word 0.91178495 1583 729 1789 731 1581 765 1789 767
word 0.9726 1583 649 1789 653 1581 692 1789 696
word 0.963327 1512 378 2168 361 1514 417 2168 400
word 0.66787165 1305 1643 1514 1634 1307 1673 1514 1667
word 0.9581519 1307 1350 2099 1353 1305 1387 2099 1389
word 0.9567415 1307 1396 2030 1400 1305 1430 2030 1434
word 0.9184222 1239 531 1514 535 1236 585 1514 591
word 0.95044535 1204 447 1548 456 1202 488 1548 496
word 0.9602793 1170 641 1514 643 1168 681 1514 686
word 0.7759408 1030 1613 1548 1606 1032 1649 1548 1643
word 0.8723172 892 761 963 759 894 798 963 795
word 0.96289605 894 716 1514 718 892 759 1514 759
word 0.9867884 894 641 1135 643 892 684 1135 686
word 0.9119124 894 230 1514 247 892 303 1514 318
word 0.9754434 894 148 1516 169 890 215 1514 238
word 0.78202534 860 1316 998 1316 858 1355 998 1355
word 0.6870381 826 1243 1066 1245 823 1297 1066 1297
word 0.9329395 826 359 1445 385 823 402 1445 428
word 0.92479897 787 1471 1514 1430 791 1522 1516 1482
word 0.79801947 757 1583 1514 1593 755 1615 1514 1626
word 0.7648414 718 1566 1032 1559 722 1692 1034 1688
word 0.63449836 722 1639 998 1639 720 1671 998 1671
word 0.98904324 686 1129 1032 1129 688 1172 1032 1172
word 0.93175894 619 0 1548 0 617 98 1548 105
word 0.6945782 619 514 826 518 617 570 826 576
word 0.9296338 413 4 619 6 410 45 619 47
word 0.75179225 342 1677 413 1675 344 1703 413 1701
word 0.7470875 344 1529 413 1531 342 1591 413 1591
word 0.8443101 344 1097 585 1101 342 1206 585 1211
word 0.74580956 303 1170 585 1157 309 1292 589 1279
word 0.8852887 275 507 481 507 273 559 481 559
word 0.94435817 206 415 447 417 204 458 447 460
word 0.90968513 206 707 653 714 204 744 653 750
word 0.730538 206 632 688 643 204 666 688 677
word 0.86883485 172 1097 344 1097 169 1148 344 1150
