word 0.7291194 3549 1601 3660 1605 3546 1653 3660 1657
word 0.6915175 3549 1719 3660 1726 3546 1774 3660 1781
word 0.703348 3549 2104 3664 2118 3542 2156 3660 2170
word 0.780176 3549 2166 3667 2183 3539 2215 3660 2235
word 0.78248805 3324 856 3494 852 3327 963 3494 963
word 0.90173453 3269 1511 3716 1507 3272 1566 3716 1559
word 0.87498325 3161 34 3494 38 3158 86 3494 90
word 0.8441432 3106 1355 3494 1355 3102 1417 3494 1421
word 0.9275654 3050 2229 3383 2232 3047 2284 3383 2287
word 0.8999022 2769 1026 3605 1022 2773 1126 3605 1119
word 0.75530213 2662 1355 2995 1362 2658 1403 2995 1410
word 0.91909546 2606 1504 2939 1504 2603 1570 2939 1570
word 0.7746876 2492 1109 2995 1105 2495 1178 2995 1171
word 0.9439484 2270 311 3549 311 2274 374 3549 374
word 0.96865994 2270 391 3549 370 2274 457 3549 436
word 0.9170335 2270 464 3272 457 2274 513 3272 509
word 0.8749521 2274 256 3272 256 2270 315 3272 315
word 0.94623053 2215 2489 3438 2475 2218 2551 3438 2534
word 0.9874463 2215 2544 3383 2541 2218 2606 3383 2599
word 0.96349627 2215 2610 3161 2606 2218 2662 3161 2662
word 0.91337365 2218 2430 3161 2430 2215 2482 3161 2482
word 0.9394562 2107 180 2773 190 2104 235 2773 249
word 0.92855537 2107 1348 2495 1355 2104 1417 2495 1428
word 0.9848033 2048 1507 2495 1504 2052 1566 2495 1563
word 0.88808984 2048 1216 2606 1202 2052 1289 2606 1275
word 0.925926 2052 2364 2662 2374 2048 2419 2662 2430
word 0.8874625 1663 1365 1941 1365 1660 1421 1941 1421
word 0.8674216 1549 2502 1830 2499 1553 2551 1830 2547
word 0.96504134 1549 1504 1885 1501 1553 1570 1885 1570
word 0.8113045 1549 322 1885 315 1553 395 1885 391
word 0.9014646 1549 897 2551 897 1553 1012 2551 1008
word 0.8892991 1553 232 1885 232 1549 329 1885 332
word 0.95018524 1553 773 2495 779 1549 873 2495 883
word 0.9559229 1494 2437 1830 2433 1497 2509 1830 2506
word 0.7084993 1438 2742 2218 2728 1442 2807 2218 2797
word 0.9088385 1442 1095 2440 1105 1438 1164 2440 1175
word 0.97865754 1327 41 1663 41 1331 114 1663 110
word 0.9053731 1272 2239 1608 2239 1275 2294 1608 2294
word 0.81794345 1164 1338 1442 1338 1161 1424 1442 1424
word 0.98279613 773 2322 1109 2315 776 2495 1109 2489
word 0.91585946 707 2440 1220 2405 721 2606 1230 2575
word 0.8939292 658 239 1164 225 665 405 1168 391
word 0.7682767 662 391 1053 388 665 509 1053 502
word 0.83120763 665 1345 942 1348 662 1424 942 1424
word 0.8239784 610 110 1109 114 606 277 1109 280
word 0.8716042 551 24 1053 24 554 100 1053 97
word 0.93160313 551 2235 1053 2232 554 2301 1053 2298
word 0.97949976 551 1511 1331 1507 554 1570 1331 1566
word 0.9753605 499 1206 1386 1234 495 1272 1386 1299
word 0.74165606 443 176 554 176 440 228 554 228
word 0.79610646 443 2381 554 2388 440 2433 554 2440
