word 0.955723 1159 157 1211 157 1160 195 1211 195
word 0.86264515 1141 419 1262 412 1143 444 1264 438
word 0.8931365 1074 64 1194 61 1075 83 1194 82
word 0.978985 1074 84 1177 81 1075 100 1177 97
word 0.9184331 1058 700 1177 701 1057 725 1177 726
word 0.83553773 1041 345 1211 348 1040 377 1211 380
word 0.92866874 972 237 1278 237 971 265 1278 266
word 0.9336765 937 218 1245 216 938 249 1245 248
word 0.84295005 887 411 1006 412 886 432 1006 432
word 0.89417857 870 345 1006 345 869 372 1006 372
word 0.9653645 835 244 955 243 836 276 955 276
word 0.93244654 835 67 1041 66 836 98 1041 97
word 0.756359 802 291 870 292 801 316 870 317
word 0.94785 716 859 1024 869 715 886 1024 896
word 0.89854795 716 733 904 741 715 757 904 764
word 0.9713388 716 757 1076 779 714 782 1075 805
word 0.9521841 716 832 1144 858 714 857 1143 884
word 0.931879 716 781 1212 811 714 809 1211 839
word 0.9909244 716 805 1195 835 714 834 1194 864
word 0.9196802 665 341 819 342 664 369 819 370
word 0.84772766 630 723 699 723 631 752 699 752
word 0.90220827 631 284 768 286 630 315 768 317
word 0.8722637 580 248 785 248 579 269 785 269
word 0.9811614 477 400 836 405 476 425 836 429
word 0.9149833 460 785 529 785 459 808 529 808
word 0.94281316 460 120 836 124 459 161 836 164
word 0.87472445 460 168 836 172 459 208 836 212
word 0.6978158 426 749 563 750 425 780 563 781
word 0.91354513 426 240 529 243 425 266 529 269
word 0.7658193 409 866 699 873 408 900 699 907
word 0.9699632 358 674 512 676 357 707 512 708
word 0.81169623 307 328 410 332 305 362 409 365
word 0.9770316 272 58 785 54 273 103 785 100
word 0.9543023 238 293 409 295 237 311 409 313
word 0.7116322 238 880 566 909 234 917 563 947
word 0.88483185 153 18 274 23 151 46 273 52
word 0.6773443 131 712 238 702 136 762 243 752
word 0.8527878 135 803 273 801 136 844 273 843
word 0.9389682 119 329 221 330 118 356 221 357
word 0.92389894 119 748 278 768 113 793 273 813
word 0.928307 102 66 221 66 101 96 221 96
word 0.87520796 102 393 341 397 101 411 341 417
word 0.9415671 68 274 187 275 67 299 187 300
word 0.7629435 16 872 170 871 17 918 170 917
