word 0.8662133 1227 359 1278 357 1228 380 1278 379
word 0.78701055 1228 395 1262 396 1227 413 1262 414
word 0.70504546 1142 138 1194 138 1143 171 1194 170
word 0.957798 1109 372 1211 373 1108 393 1211 394
word 0.91686994 1057 637 1160 636 1058 653 1160 653
word 0.8360091 1058 307 1211 308 1057 330 1211 331
word 0.95377576 972 193 1211 194 971 218 1211 218
word 0.9026958 887 308 1024 308 886 329 1024 329
word 0.989768 887 370 989 371 886 391 989 392
word 0.96070045 852 217 1228 215 853 241 1228 238
word 0.93849444 733 777 1024 779 732 800 1024 802
word 0.9521209 733 803 1006 805 732 823 1006 825
word 0.9007818 733 753 1160 758 732 773 1160 778
word 0.9562795 699 304 853 306 698 332 853 334
word 0.94318926 682 254 853 259 681 281 853 285
word 0.9641841 546 308 648 309 545 328 648 329
word 0.97827005 529 101 853 105 528 137 853 141
word 0.9458543 512 145 853 146 510 182 853 184
word 0.93748987 494 368 836 368 493 387 836 388
word 0.9197346 494 699 614 700 493 729 614 729
word 0.97788125 477 216 819 220 476 240 819 244
word 0.82069725 477 731 580 732 476 756 580 758
word 0.8997077 459 818 768 812 460 849 768 843
word 0.9266988 391 631 529 631 392 656 529 656
word 0.8659849 358 298 477 301 357 331 477 334
word 0.939164 250 695 341 691 256 796 345 792
word 0.8788956 201 696 256 693 204 749 258 747
word 0.83346623 204 657 380 677 198 708 375 728
word 0.9759858 186 297 290 297 187 327 290 326
word 0.8848183 136 360 358 363 135 379 358 381
word 0.9717863 118 621 324 620 119 654 324 653
word 0.84693736 67 253 273 247 68 279 273 273
