word 0.8940024 2237 1043 2340 1045 2235 1077 2340 1079
word 0.93891865 2202 337 2308 339 2198 432 2305 434
word 0.9201939 2133 1127 2340 1129 2131 1172 2340 1174
word 0.75952685 2133 927 2447 967 2127 970 2443 1011
word 0.8793956 1991 36 2133 34 1996 135 2136 131
word 0.92312384 1961 765 2305 765 1959 821 2305 821
word 0.81974006 1927 1514 2202 1525 1925 1553 2202 1563
word 0.90160507 1852 189 2168 163 1858 247 2172 221
word 0.97542393 1751 503 2374 471 1755 567 2376 535
word 0.95735955 1617 1628 2204 1673 1613 1684 2202 1727
word 0.9328637 1581 776 1858 767 1583 826 1858 817
word 0.9117273 1583 1103 1824 1105 1581 1144 1824 1148
word 0.9681464 1583 924 1824 931 1581 967 1824 974
word 0.75354904 1583 1017 1824 1023 1581 1056 1824 1062
word 0.95063025 1512 574 2374 557 1514 630 2374 613
word 0.8837831 1340 598 1411 595 1342 632 1411 630
word 0.9254581 1273 1553 1619 1572 1269 1602 1617 1621
word 0.95207614 1273 1596 1619 1617 1269 1649 1617 1671
word 0.9154688 1273 1636 2138 1714 1267 1692 2133 1770
word 0.9545378 1273 1682 2207 1770 1267 1740 2202 1828
word 0.94296926 1239 1725 2207 1815 1232 1783 2202 1873
word 0.80807775 1168 1514 1307 1510 1170 1563 1307 1559
word 0.91930896 1168 772 1479 770 1170 834 1479 830
word 0.91563284 1135 1086 1479 1090 1133 1122 1479 1125
word 0.8325823 1135 662 1550 690 1131 714 1548 739
word 0.85606456 1062 146 1342 137 1066 236 1344 228
word 0.8426407 993 606 1101 600 998 651 1103 647
word 0.67103416 961 184 1066 182 963 240 1066 240
word 0.9603893 892 785 1101 783 894 830 1101 828
word 0.92643416 821 453 1479 425 826 529 1482 501
word 0.7960782 823 1628 929 1628 826 1667 929 1667
word 0.98060167 821 354 1479 324 826 434 1482 404
word 0.9256103 826 991 1101 993 823 1038 1101 1041
word 0.726571 791 1546 1032 1555 789 1604 1032 1613
word 0.96559066 791 1755 1963 1826 787 1821 1961 1890
word 0.9263547 755 608 963 604 757 645 963 643
word 0.82341504 757 1884 1342 1903 755 1925 1342 1933
word 0.90770286 688 1860 759 1867 684 1892 757 1901
word 0.7027298 582 105 722 101 585 146 722 141
word 0.9123489 548 776 757 774 550 841 757 838
word 0.9787355 413 712 722 714 410 752 722 757
word 0.7061782 374 1553 619 1544 378 1649 621 1639
word 0.90960264 378 1391 1069 1432 374 1456 1066 1499
word 0.82312506 342 1486 619 1486 344 1566 619 1563
word 0.88666296 238 783 447 778 240 834 447 830
word 0.94226664 204 1378 378 1376 206 1426 378 1424
word 0.94845456 206 983 619 989 204 1019 619 1026
word 0.92057174 172 1051 619 1069 169 1094 619 1112
word 0.90575266 135 688 378 684 137 735 378 733
word 0.8347002 0 122 481 118 0 172 481 167
word 0.80481744 0 503 103 509 0 542 103 546
