word 0.77998006 2508 737 2581 731 2512 770 2583 763
word 0.61622524 2510 791 2581 787 2512 821 2581 817
word 0.7681729 2512 849 2581 851 2510 879 2581 881
word 0.6844427 2475 0 2581 0 2478 53 2581 51
word 0.6178265 2441 1544 2581 1544 2443 1589 2581 1587
word 0.6533163 2443 43 2583 47 2439 189 2581 191
word 0.6571317 2271 1264 2340 1267 2269 1307 2340 1310
word 0.6933218 2071 761 2546 656 2237 1505 2589 1400
word 0.8043242 2097 897 2305 888 2099 940 2305 929
word 0.91688615 2065 131 2202 131 2062 228 2202 230
word 0.83828104 2028 800 2271 789 2030 841 2271 830
word 0.96390086 1856 567 2202 559 1858 630 2202 623
word 0.9403061 1858 1389 2099 1398 1856 1434 2099 1443
word 0.88975257 1787 8 1996 0 1789 47 1996 38
word 0.9556528 1684 432 2271 410 1686 488 2271 466
word 0.9596846 1647 305 2237 277 1652 374 2239 346
word 0.9865551 1583 1522 2138 1566 1576 1583 2133 1626
word 0.9329096 1479 793 1720 795 1477 836 1720 836
word 0.92134863 1479 879 1720 884 1477 924 1720 929
word 0.96763164 1408 389 1652 387 1411 456 1652 453
word 0.9383454 1342 565 1757 593 1337 617 1755 645
word 0.8524958 1239 421 1307 421 1236 458 1307 458
word 0.81308407 1204 1880 1686 1892 1202 1927 1686 1933
word 0.9621873 1170 1436 1514 1447 1168 1490 1514 1503
word 0.97142404 1170 1477 1587 1512 1163 1533 1583 1568
word 0.98327816 1170 1576 2103 1662 1163 1634 2099 1723
word 0.90796614 1170 1669 1725 1727 1163 1729 1720 1787
word 0.98682564 1170 1520 2138 1619 1163 1581 2133 1682
word 0.9395561 1097 604 1411 593 1101 668 1413 658
word 0.7549156 1066 1359 1206 1368 1062 1406 1204 1415
word 0.8076482 1030 492 1307 490 1032 559 1307 554
word 0.81438476 1032 873 1376 879 1030 905 1376 912
word 0.68091786 963 1824 1034 1830 959 1856 1032 1860
word 0.60736716 963 1837 1310 1858 959 1888 1307 1908
word 0.7261863 927 494 1032 492 929 527 1032 527
word 0.6461329 924 436 1032 428 929 483 1034 475
word 0.8021073 892 0 1032 0 894 109 1032 109
word 0.9183937 789 625 998 625 791 666 998 664
word 0.9656372 716 292 1376 247 722 374 1381 329
word 0.9799116 720 789 1376 789 722 832 1376 830
word 0.96663445 714 193 1376 144 722 281 1383 232
word 0.90048355 722 1495 826 1495 720 1555 826 1555
word 0.8718746 722 1404 929 1406 720 1471 929 1473
word 0.77767134 722 866 998 873 720 905 998 914
word 0.9648516 653 1617 1723 1667 649 1686 1720 1733
word 0.9018044 544 2 757 0 550 146 761 137
word 0.7611775 479 625 653 625 481 686 653 684
word 0.9672183 169 641 344 636 172 699 344 696
word 0.7861355 137 1241 309 1245 135 1284 309 1288
word 0.95072186 103 860 550 869 101 899 550 905
word 0.9654076 103 780 516 789 101 821 516 830
word 0.92841566 66 550 309 548 68 598 309 593
