word 0.82036215 2305 834 2443 841 2303 869 2443 875
word 0.8636406 2237 281 2340 283 2235 352 2340 354
word 0.8795877 2237 742 2445 761 2232 778 2443 798
word 0.7085086 2093 86 2168 79 2099 150 2172 144
word 0.84555984 2097 1318 2305 1314 2099 1353 2305 1350
word 0.7193025 2062 660 2340 658 2065 712 2340 707
word 0.83113366 1892 122 2237 129 1890 184 2237 189
word 0.9817749 1856 406 2409 397 1858 473 2409 464
word 0.7827334 1718 770 1927 763 1720 810 1927 802
word 0.92348534 1718 677 1961 675 1720 727 1961 724
word 0.9801672 1718 853 1927 849 1720 897 1927 892
word 0.81757367 1682 141 1824 135 1686 187 1826 178
word 0.85610604 1647 483 1927 468 1652 542 1929 527
word 0.74757814 1514 1609 2099 1626 1512 1658 2099 1677
word 0.96142995 1477 1570 2374 1566 1479 1621 2374 1617
word 0.8514535 1479 1512 2374 1520 1477 1563 2374 1574
word 0.88211447 1445 1641 2032 1680 1441 1690 2030 1731
word 0.8774831 1374 699 1583 692 1376 759 1583 750
word 0.88037175 1340 598 1514 593 1342 662 1514 658
word 0.867797 1340 871 1617 866 1342 905 1617 901
word 0.86415315 1342 1398 1757 1424 1337 1456 1755 1482
word 0.74600935 1168 527 1273 527 1170 563 1273 563
word 0.7403972 1002 51 1239 8 1032 208 1267 163
word 0.8816641 993 810 1583 778 998 856 1585 821
word 0.69764197 991 320 1514 286 998 404 1518 369
word 0.7762803 995 1467 1239 1464 998 1531 1239 1527
word 0.82750076 995 884 1273 877 998 931 1273 927
word 0.7967939 989 408 1583 363 998 496 1589 451
word 0.9220608 963 1667 1479 1669 961 1735 1479 1740
word 0.90164363 927 552 1101 550 929 598 1101 598
word 0.67351055 892 129 1342 126 894 268 1342 268
word 0.7410846 858 1325 1135 1314 860 1363 1135 1353
word 0.78817403 705 60 1032 0 722 139 1047 75
word 0.9310808 610 169 688 165 619 271 694 266
word 0.86549854 585 1755 860 1761 582 1791 860 1798
word 0.8034735 514 1393 722 1389 516 1492 722 1488
word 0.78340584 481 1443 722 1445 479 1553 722 1553
word 0.71923584 376 739 585 735 378 800 585 795
word 0.6735477 342 920 791 903 344 957 791 940
word 0.90015197 344 1342 653 1346 342 1385 653 1387
word 0.8087226 305 656 860 628 309 699 862 668
word 0.9125437 159 243 585 191 172 339 595 286
word 0.86787987 159 73 791 0 172 157 802 66
word 0.8613989 172 0 516 0 169 47 516 49
word 0.64321095 68 1381 288 1411 53 1490 275 1520
word 0.6538 34 1877 619 1877 32 1933 619 1933
word 0.70979875 34 1729 1004 1776 25 1869 998 1916
word 0.6981149 0 1611 139 1615 0 1723 137 1725
word 0.7366166 0 1447 288 1475 0 1593 275 1621
