word 0.72332907 1228 604 1262 605 1227 635 1262 636
word 0.7422236 1228 497 1278 505 1208 631 1262 638
word 0.61017716 1159 426 1245 423 1160 456 1245 453
word 0.6744203 1160 470 1228 471 1159 492 1228 493
word 0.6916536 1125 130 1194 130 1126 166 1194 166
word 0.8616497 1126 386 1245 390 1125 411 1245 416
word 0.77802706 1057 656 1160 653 1058 679 1160 677
word 0.9231379 1040 312 1194 310 1041 343 1194 341
word 0.7980357 972 42 1006 43 971 69 1006 70
word 0.9708959 936 197 1211 185 938 233 1212 221
word 0.79821587 904 0 1006 0 903 23 1006 24
word 0.9183903 886 403 989 402 887 423 989 422
word 0.9808721 886 442 989 441 887 466 989 464
word 0.9159743 886 484 989 480 887 507 989 504
word 0.93342984 869 324 1006 322 870 352 1006 349
word 0.79062736 828 30 1126 0 836 78 1132 37
word 0.951697 834 235 1228 218 836 267 1229 250
word 0.7389319 801 297 870 296 802 321 870 320
word 0.8676241 766 0 836 0 768 26 836 24
word 0.8856195 749 249 785 249 750 269 785 269
word 0.955855 749 806 1194 793 750 828 1194 814
word 0.96481085 749 784 1177 771 750 807 1177 793
word 0.8694777 681 695 750 694 682 725 750 724
word 0.9117 681 334 836 330 682 368 836 363
word 0.83922774 663 253 716 250 665 280 717 276
word 0.9247358 664 454 819 448 665 473 819 467
word 0.9636733 664 493 836 487 665 515 836 507
word 0.78174937 647 288 785 285 648 318 785 316
word 0.7051859 546 24 605 33 536 89 597 98
word 0.9167967 526 350 631 346 529 377 632 372
word 0.7500763 510 773 563 772 512 798 563 798
word 0.95365345 491 193 819 169 494 233 821 210
word 0.9490722 492 420 836 404 494 446 837 429
word 0.9555371 493 459 631 457 494 486 631 483
word 0.8382119 493 732 614 731 494 765 614 763
word 0.9412596 494 44 548 46 491 101 546 103
word 0.94410676 474 144 819 123 477 186 821 167
word 0.9895232 476 0 768 0 477 52 768 50
word 0.92531943 475 844 1075 816 477 870 1076 841
word 0.82107204 442 264 563 263 443 291 563 290
word 0.9112021 408 681 580 677 409 707 580 702
word 0.6133425 375 356 443 356 374 385 443 386
word 0.9286371 357 0 426 0 358 21 426 20
word 0.86801696 254 807 358 806 256 838 358 837
word 0.8979476 238 766 359 771 236 807 358 811
word 0.8804902 221 733 375 734 220 777 375 778
word 0.8981275 169 365 273 363 170 398 273 396
word 0.95364505 152 522 392 510 153 542 392 531
word 0.9075147 152 441 375 435 153 461 375 455
word 0.9821855 152 481 392 470 153 502 392 492
word 0.81151575 153 673 273 674 152 709 273 710
word 0.9448781 118 317 256 314 119 352 256 348
word 0.7278177 68 513 120 516 66 535 119 537
word 0.7328542 0 505 85 480 0 537 93 512
word 0.8481409 0 418 51 416 0 455 52 453
