word 0.91054624 1227 848 1278 846 1228 868 1278 867
word 0.7786113 1211 656 1246 659 1209 683 1245 686
word 0.6846097 1211 561 1278 650 1158 613 1245 702
word 0.76658636 1142 155 1194 154 1143 189 1194 189
word 0.930928 1124 406 1278 394 1126 429 1278 418
word 0.98208445 1058 224 1246 231 1056 256 1245 263
word 0.97529125 1041 679 1160 680 1040 704 1160 705
word 0.8670642 1041 332 1194 338 1040 364 1194 370
word 0.8836353 972 246 1006 246 971 275 1006 275
word 0.9919119 887 392 989 393 886 413 989 416
word 0.88606715 870 325 1006 329 869 350 1006 355
word 0.9815101 834 227 1228 205 836 258 1229 236
word 0.92728335 802 277 853 277 801 295 853 295
word 0.96084833 699 814 1126 830 698 840 1126 856
word 0.9390123 699 715 887 724 698 738 887 746
word 0.95328563 699 740 1178 760 697 765 1177 786
word 0.95860857 699 764 1178 784 697 791 1177 810
word 0.9907501 699 789 1161 808 697 816 1160 835
word 0.7533918 682 907 887 907 681 930 887 930
word 0.9859829 682 843 989 849 681 867 989 873
word 0.9414933 665 320 819 323 664 349 819 354
word 0.8888215 648 230 785 230 647 250 785 250
word 0.9876776 648 262 768 264 647 293 768 295
word 0.9347983 630 706 682 705 631 732 682 731
word 0.9578036 597 102 836 107 596 138 836 144
word 0.94173217 579 225 631 224 580 246 631 245
word 0.89796597 494 314 614 315 493 341 614 343
word 0.7779774 476 400 512 400 477 428 512 427
word 0.97896147 477 98 580 98 476 132 580 133
word 0.94540423 477 144 837 154 475 182 836 193
word 0.9471246 460 377 819 387 459 400 819 409
word 0.8754441 425 758 529 757 426 787 529 786
word 0.95605624 426 214 546 217 425 244 546 247
word 0.8602866 409 725 546 727 408 758 546 761
word 0.9053387 392 837 700 853 390 877 699 892
word 0.9260955 341 651 546 653 340 680 546 682
word 0.97274065 238 265 409 268 237 285 409 289
word 0.9301144 170 688 238 689 169 723 238 724
word 0.86778104 118 704 290 702 119 750 290 749
word 0.75369596 94 781 273 760 102 836 279 816
word 0.90086055 102 869 238 870 101 898 238 899
word 0.8840266 102 360 341 370 101 382 341 393
word 0.90480745 102 726 243 739 97 781 238 793
word 0.8756207 68 237 205 245 66 266 204 273
word 0.9327038 51 628 238 631 50 658 238 661
word 0.6602975 17 869 51 870 16 888 51 889
