word 0.7530118 1483 503 1519 503 1484 536 1519 535
word 0.7952811 1413 118 1466 119 1412 165 1466 166
word 0.95570457 1378 435 1502 436 1377 461 1502 461
word 0.96186066 1289 340 1466 344 1288 376 1466 381
word 0.70571864 1466 434 1599 608 1277 733 1555 907
word 0.86635566 1254 767 1396 770 1253 796 1396 799
word 0.9801796 1166 181 1503 201 1164 215 1502 235
word 0.9345328 1077 416 1219 418 1076 443 1219 446
word 0.8943517 1077 330 1236 334 1076 362 1236 365
word 0.8990336 1042 208 1573 234 1040 239 1572 266
word 0.79927003 988 270 1077 270 989 300 1077 300
word 0.91867614 969 120 1024 117 971 167 1026 165
word 0.9495899 865 811 1077 818 864 838 1077 846
word 0.9831751 865 840 1273 858 863 870 1272 887
word 0.9832985 865 897 1414 928 863 929 1413 960
word 0.9642051 830 319 1007 321 829 355 1007 357
word 0.91926575 795 249 954 254 794 281 954 286
word 0.81191665 795 205 971 212 794 231 971 238
word 0.9255893 776 788 848 787 777 820 848 820
word 0.92953616 742 106 955 112 739 153 954 160
word 0.8244828 705 199 777 199 706 233 777 233
word 0.97243005 617 314 742 313 618 343 742 342
word 0.98564816 583 393 1007 404 582 420 1007 431
word 0.9372739 583 40 1026 57 580 89 1024 106
word 0.9617386 583 99 726 104 579 147 724 154
word 0.97037375 547 859 636 861 546 892 636 893
word 0.8934243 530 818 671 819 529 853 671 854
word 0.94720244 530 191 671 194 529 220 671 225
word 0.9126857 494 965 1148 973 493 989 1148 992
word 0.6829054 459 303 512 303 458 336 512 336
word 0.98522675 441 731 600 732 440 764 600 765
word 0.95337796 352 385 406 384 353 411 406 410
word 0.977301 300 256 494 260 299 278 494 282
word 0.86870104 176 799 300 801 175 846 300 848
word 0.9081256 155 884 335 875 159 937 337 929
word 0.97803354 159 293 282 294 157 326 282 328
word 0.8753114 159 770 319 775 156 821 318 826
word 0.8533478 141 825 301 830 139 882 300 889
word 0.95529366 123 376 335 381 122 403 335 406
word 0.9308092 70 226 247 228 69 257 247 259
word 0.8184583 50 869 88 869 53 949 89 948
word 0.70242995 0 764 88 763 0 812 88 811
