word 0.6311576 4419 1434 4589 1434 4416 1501 4589 1501
word 0.62130755 4302 1154 4646 1150 4306 1225 4646 1225
word 0.77023554 4302 1296 4589 1292 4306 1366 4589 1363
word 0.82432413 4302 378 4476 371 4306 495 4476 488
word 0.8019759 4079 2057 4419 2075 4076 2114 4419 2131
word 0.89249706 4022 938 4476 949 4019 1041 4476 1051
word 0.9092342 3966 102 4136 106 3962 173 4136 177
word 0.8189328 3513 1243 3852 1250 3509 1324 3852 1328
word 0.78677166 3513 910 3909 924 3509 998 3909 1009
word 0.8462019 3513 1384 3852 1398 3509 1466 3852 1476
word 0.83001137 3513 1097 3852 1111 3509 1175 3852 1189
word 0.9842471 3392 566 4589 517 3399 708 4593 662
word 0.95989686 3003 2478 4532 2500 2999 2553 4532 2574
word 0.9593162 3003 2563 4532 2588 2999 2641 4532 2663
word 0.90110195 3003 2386 4192 2418 2999 2461 4192 2489
word 0.9361023 2946 14 4192 31 2942 134 4192 152
word 0.91152126 2946 2638 4136 2677 2942 2716 4136 2755
word 0.89861083 2875 690 3229 640 2889 768 3240 718
word 0.9607036 2882 949 3343 934 2889 1069 3346 1051
word 0.85954374 2815 810 3229 757 2833 941 3243 885
word 0.8924059 2829 1285 3343 1260 2833 1352 3343 1324
word 0.98902255 2829 1423 3343 1402 2833 1490 3343 1469
word 0.9139055 2833 2202 3569 2220 2829 2287 3569 2305
word 0.8442767 2602 687 2776 683 2606 764 2776 764
word 0.8736561 2379 995 2719 998 2376 1065 2719 1069
word 0.92753875 2308 481 3343 403 2323 626 3353 548
word 0.956062 2262 1161 3343 1122 2266 1246 3343 1207
word 0.9267715 2266 1267 2663 1267 2262 1370 2663 1374
word 0.9482024 2266 1420 2719 1423 2262 1494 2719 1497
word 0.8907427 2206 2294 2606 2287 2209 2401 2606 2393
word 0.9621965 2206 715 2493 711 2209 782 2493 779
word 0.8740418 2209 2358 2436 2358 2206 2450 2436 2450
word 0.9506992 2153 2680 3059 2691 2149 2797 3059 2808
word 0.6964353 1983 977 2153 980 1979 1073 2153 1080
word 0.92991346 1869 2022 2493 2029 1866 2107 2493 2114
word 0.63532877 1813 970 1930 973 1806 1062 1926 1065
word 0.9188773 1529 786 2100 821 1522 860 2096 895
word 0.71909004 1186 2266 1756 2266 1189 2443 1756 2443
word 0.96026963 1189 938 1529 941 1186 1037 1529 1037
word 0.9363971 1189 77 2833 131 1186 162 2833 216
word 0.9549176 1189 134 1529 145 1186 254 1529 265
word 0.9065083 1189 2351 1760 2369 1182 2578 1756 2595
word 0.9342367 1133 0 2493 35 1129 92 2493 134
word 0.95863163 1019 750 1473 764 1016 853 1473 867
word 0.8416871 1019 1363 1926 1402 1016 1434 1926 1473
word 0.8291684 1019 1221 1930 1267 1012 1296 1926 1342
word 0.9762274 959 2022 1586 2022 963 2121 1586 2117
