word 0.89606375 1487 439 1524 439 1488 473 1524 473
word 0.825463 1300 500 1578 372 1470 868 1598 741
word 0.76350045 1398 100 1470 100 1399 147 1470 146
word 0.89836 1362 408 1524 402 1363 434 1524 429
word 0.97540295 1291 325 1452 328 1290 357 1452 362
word 0.947458 1255 743 1399 744 1254 770 1399 771
word 0.99313277 1165 165 1506 169 1164 200 1506 204
word 0.9302572 1076 395 1201 396 1075 419 1201 420
word 0.9744753 1058 315 1219 318 1057 348 1219 352
word 0.97985524 1022 192 1506 195 1021 224 1506 226
word 0.97098446 968 252 1040 253 967 275 1040 276
word 0.91683173 913 199 950 199 914 220 950 219
word 0.98505884 861 914 1273 924 859 943 1273 954
word 0.9815298 861 853 1417 869 859 882 1417 898
word 0.9389736 843 825 1273 834 841 852 1273 862
word 0.95480305 843 882 1417 899 841 913 1417 930
word 0.89817995 807 308 1004 310 806 343 1004 345
word 0.98937845 789 238 932 242 788 272 932 275
word 0.8509833 771 191 896 196 770 218 896 223
word 0.9482541 771 785 1077 801 769 813 1076 830
word 0.89370984 681 190 753 191 680 217 753 218
word 0.88455284 609 306 735 307 608 332 735 334
word 0.9356817 574 35 1022 44 572 84 1022 93
word 0.89914083 574 91 1023 103 571 140 1022 151
word 0.9848642 556 383 986 387 554 409 986 413
word 0.93770856 538 816 681 817 537 853 681 854
word 0.8904236 538 852 645 854 537 885 645 886
word 0.9549087 520 186 663 187 519 216 663 217
word 0.9501711 502 957 861 961 501 995 861 1000
word 0.8346954 448 299 503 302 446 332 502 335
word 0.8905242 429 726 538 724 430 758 538 757
word 0.8256938 375 300 430 299 376 331 430 330
word 0.7861315 322 380 394 381 321 406 394 408
word 0.9800679 284 854 340 852 287 887 341 885
word 0.94600993 269 254 484 254 267 274 484 274
word 0.9875492 179 878 322 878 178 930 322 930
word 0.83971345 179 867 269 867 178 898 269 898
word 0.88534087 161 763 340 765 160 826 340 828
word 0.9727124 143 298 269 298 142 330 269 331
word 0.7347648 143 817 324 821 141 875 322 880
word 0.82641894 89 380 304 382 88 404 304 405
word 0.9439436 71 715 304 716 70 745 304 746
word 0.83524716 0 779 89 778 0 820 89 820
word 0.8912016 0 570 35 569 0 594 35 593
