word 0.8448092 2521 1237 2872 1221 2524 1281 2872 1262
word 0.9298854 2393 1096 2741 1096 2390 1142 2741 1145
word 0.8557428 2350 1814 2654 1814 2347 1868 2654 1868
word 0.95846593 2303 873 2785 845 2306 922 2785 894
word 0.72234875 2214 2135 2350 2121 2219 2184 2352 2170
word 0.8092416 2173 840 2437 837 2175 889 2437 886
word 0.9705978 2088 380 2611 383 2086 440 2611 443
word 0.9550987 2042 1096 2350 1096 2045 1142 2350 1142
word 0.8807013 1999 1232 2263 1229 2001 1275 2263 1272
word 0.85247386 1955 905 2524 897 1958 943 2524 938
word 0.9487456 1697 2156 2437 2159 1694 2203 2437 2203
word 0.95730245 1697 2099 2654 2102 1694 2146 2654 2146
word 0.97181344 1653 1985 2437 1985 1651 2037 2437 2037
word 0.959243 1653 2034 2698 2042 1651 2091 2698 2099
word 0.9498273 1610 1093 1958 1096 1607 1147 1958 1147
word 0.88082427 1566 1917 2088 1939 1563 1966 2088 1988
word 0.9252171 1566 976 1958 995 1563 1030 1958 1047
word 0.8670534 1436 465 2001 473 1433 543 2001 552
word 0.7116533 1349 2336 1479 2339 1346 2385 1479 2388
word 0.9341695 1262 1096 1523 1096 1259 1142 1523 1142
word 0.9761313 1215 650 1958 650 1218 731 1958 728
word 0.9428561 1215 742 1958 742 1218 824 1958 824
word 0.9377885 1218 356 1740 359 1215 429 1740 432
word 0.916046 1128 1234 1914 1229 1131 1278 1914 1272
word 0.6102064 1128 2059 1262 2053 1131 2107 1262 2099
word 0.94076985 1131 897 1871 900 1128 946 1871 951
word 0.9036199 1131 1966 1436 1969 1128 2042 1436 2045
word 0.9569165 1085 454 1392 451 1087 541 1392 535
word 0.97163516 1085 2233 1740 2233 1087 2317 1740 2314
word 0.96135813 911 1827 1479 1808 913 1887 1479 1868
word 0.8815523 867 1093 1131 1093 870 1150 1131 1150
word 0.9774641 826 549 1175 552 824 603 1175 606
word 0.7288639 696 826 957 829 693 897 957 900
word 0.97837466 475 1090 696 1087 478 1150 696 1147
word 0.7562297 386 2379 1131 2339 391 2445 1134 2412
word 0.92832714 348 1229 870 1237 345 1272 870 1281
word 0.875577 348 971 1047 1025 342 1017 1044 1071
word 0.79385966 304 1797 783 1814 301 1876 783 1893
word 0.975394 261 323 1044 326 258 413 1044 418
word 0.94574285 261 533 739 538 258 595 739 601
word 0.9195294 261 435 1044 446 258 503 1044 514
