word 0.6686783 2374 0 2478 0 2372 109 2478 109
word 0.8257732 2340 819 2445 830 2336 858 2443 869
word 0.67354524 2340 1131 2413 1142 2333 1168 2409 1178
word 0.88299704 2202 727 2374 733 2200 763 2374 767
word 0.65882164 2166 225 2305 223 2168 296 2305 294
word 0.8093471 2133 802 2374 806 2131 834 2374 841
word 0.91265947 2030 1228 2237 1228 2028 1267 2237 1267
word 0.88261545 2030 567 2305 572 2028 610 2305 615
word 0.76560235 1856 449 1996 445 1858 501 1996 496
word 0.6064568 1821 1628 1892 1626 1824 1677 1892 1675
word 0.9733874 1821 335 2340 329 1824 393 2340 389
word 0.8899744 1720 800 1927 800 1718 838 1927 838
word 0.9847421 1720 718 1927 720 1718 763 1927 765
word 0.88461596 1589 1520 2099 1413 1686 1933 2194 1871
word 0.92319244 1617 389 2374 417 1615 436 2374 464
word 0.81965417 1546 501 1720 501 1548 548 1720 548
word 0.91843843 1408 1460 2237 1451 1411 1501 2237 1492
word 0.9656276 1408 1372 2271 1365 1411 1417 2271 1411
word 0.9477834 1408 1505 2237 1499 1411 1546 2237 1542
word 0.8126137 1408 1557 1548 1555 1411 1593 1548 1591
word 0.84527045 1408 1329 1755 1327 1411 1368 1755 1368
word 0.9869385 1340 578 1617 574 1342 625 1617 621
word 0.82390046 1342 1292 1413 1297 1337 1337 1411 1342
word 0.9401 1305 475 1548 473 1307 527 1548 522
word 0.904656 1170 395 1548 397 1168 449 1548 451
word 0.7505874 1125 1843 1239 1828 1135 1916 1247 1901
word 0.8319424 1060 1729 1170 1727 1066 1882 1174 1877
word 0.7905451 1066 1875 1137 1880 1062 1933 1135 1933
word 0.98319787 1032 576 1239 576 1030 623 1239 623
word 0.9666193 963 712 1617 714 961 755 1617 757
word 0.9812255 963 793 1617 798 961 834 1617 838
word 0.84472436 963 1430 1101 1434 961 1477 1101 1479
word 0.9644783 963 238 1617 251 961 316 1617 329
word 0.9286338 963 146 1652 161 961 223 1652 238
word 0.85338163 927 1355 1204 1348 929 1421 1204 1413
word 0.9642786 890 1578 1411 1557 894 1645 1413 1624
word 0.8635882 894 380 1135 387 892 434 1135 438
word 0.9357935 755 1243 1135 1243 757 1284 1135 1284
word 0.60694194 720 1680 791 1673 722 1705 791 1701
word 0.62928015 722 1714 795 1723 716 1766 791 1774
word 0.680873 651 565 894 561 653 630 894 625
word 0.7153343 619 1875 791 1884 617 1923 791 1929
word 0.806519 619 1686 845 1705 598 1908 826 1927
word 0.60697776 303 1310 516 1299 309 1424 520 1415
word 0.9310261 275 561 516 563 273 619 516 621
word 0.98017746 204 1226 585 1219 206 1282 585 1273
word 0.86827624 206 694 757 707 204 733 757 746
word 0.9752707 206 776 722 789 204 821 722 834
word 0.89221275 172 456 862 509 167 501 860 554
