word 0.83348256 3882 1164 4104 1164 3879 1230 4104 1234
word 0.83349633 3771 1005 4104 1008 3768 1067 4104 1074
word 0.75519276 3771 214 3948 232 3757 315 3938 336
word 0.9156654 3546 1996 3993 1996 3549 2066 3993 2066
word 0.91889447 3549 752 4049 769 3546 852 4049 870
word 0.9735898 3217 332 4052 384 3210 436 4049 488
word 0.8397683 2939 974 3327 977 2936 1046 3327 1053
word 0.82291573 2939 1119 3327 1130 2936 1195 3327 1209
word 0.9229643 2939 721 3386 741 2932 807 3383 828
word 0.98627317 2828 384 4052 454 2821 485 4049 554
word 0.62623256 2717 2898 3272 2908 2714 2984 3272 2995
word 0.8790013 2606 173 2773 176 2603 280 2773 284
word 0.63710177 2492 426 2606 419 2495 474 2606 471
word 0.94433624 2385 2187 3050 2194 2381 2274 3050 2281
word 0.98243374 2326 2385 4049 2378 2329 2475 4049 2468
word 0.99119633 2326 2478 4104 2464 2329 2586 4104 2572
word 0.99391353 2326 2582 3993 2568 2329 2686 3993 2672
word 0.9609236 2329 2287 4049 2287 2326 2371 4049 2371
word 0.94470865 2218 714 2773 721 2215 807 2773 814
word 0.9501265 2163 2121 2385 2128 2159 2225 2385 2232
word 0.89485925 2107 509 2780 561 2097 610 2773 658
word 0.9486107 2052 1109 2717 1116 2048 1175 2717 1182
word 0.6979201 1830 2901 2163 2905 1826 3002 2163 3005
word 0.96120495 1608 675 2000 689 1601 776 1996 793
word 0.95988286 1497 72 2558 149 1487 214 2551 291
word 0.9383947 1386 932 2717 953 1383 1008 2717 1033
word 0.9438592 1386 1074 1941 1091 1383 1171 1941 1189
word 0.92995304 1331 2242 1830 2246 1327 2357 1830 2360
word 0.91174436 1331 315 2391 402 1320 415 2385 502
word 0.8544031 1272 2402 1608 2398 1275 2506 1608 2502
word 0.977956 1213 2762 3438 2662 1220 2870 3442 2769
word 0.8603191 1109 627 1282 637 1098 741 1275 752
word 0.88833946 887 620 1053 623 883 724 1053 727
word 0.9435605 776 2960 1053 2960 773 3071 1053 3071
word 0.817173 610 863 831 866 606 963 831 967
word 0.95837975 610 1022 887 1033 606 1130 887 1137
word 0.86901623 388 481 1164 502 384 571 1164 592
word 0.71635693 277 1975 499 1979 273 2086 499 2086
word 0.7194478 221 2613 554 2617 218 2724 554 2728
word 0.841922 166 2426 721 2437 162 2617 721 2627
word 0.7990539 166 2024 779 2041 159 2242 776 2256
word 0.98315275 110 578 499 585 107 686 499 696
word 0.7736566 110 2190 838 2222 100 2412 831 2443
word 0.951348 0 849 554 863 0 929 554 942
word 0.9411553 0 388 443 391 0 478 443 478
word 0.87098366 0 1899 1393 1989 0 2021 1386 2111
word 0.96351707 0 1012 554 1029 0 1098 554 1112
word 0.86243796 0 2967 110 2963 0 3078 114 3074
