word 0.6105348 2642 165 2715 157 2652 244 2717 236
word 0.6199657 2587 1207 2652 1205 2589 1258 2652 1257
word 0.71395296 2399 114 2529 122 2393 199 2525 207
word 0.71986717 2362 674 2715 633 2367 720 2717 680
word 0.8977249 2208 1272 2431 1268 2210 1310 2431 1306
word 0.96590996 2210 520 2525 522 2208 582 2525 584
word 0.937305 1989 260 2589 262 1987 315 2589 317
word 0.95472544 1862 665 2083 666 1860 704 2083 706
word 0.902888 1797 522 2115 522 1799 582 2115 580
word 0.9498383 1766 313 2620 292 1768 361 2620 339
word 0.82972026 1673 418 1768 420 1671 455 1768 455
word 0.9388602 1513 1489 2494 1487 1515 1537 2494 1533
word 0.9443134 1481 1545 2494 1543 1483 1594 2494 1592
word 0.9661587 1481 1598 2115 1596 1483 1645 2115 1643
word 0.97956276 1389 522 1704 526 1387 584 1704 586
word 0.84452015 1355 335 1547 333 1357 369 1547 367
word 0.9649525 1357 412 1610 414 1355 461 1610 463
word 0.96426255 1357 1369 1894 1385 1355 1418 1894 1434
word 0.9137245 1326 665 1736 665 1324 702 1736 702
word 0.9318781 1197 333 1294 329 1199 370 1294 367
word 0.9552843 1039 534 1262 532 1041 584 1262 582
word 0.923701 978 55 1736 55 976 138 1736 138
word 0.9078216 978 159 1736 159 976 240 1736 240
word 0.8588197 978 663 1168 665 976 712 1168 714
word 0.9508892 945 1495 1105 1493 947 1553 1105 1549
word 0.7774215 913 1434 1199 1428 915 1497 1199 1491
word 0.93883 882 1687 1515 1681 884 1752 1515 1746
word 0.9721437 884 325 1105 325 882 372 1105 374
word 0.79120374 757 524 852 528 755 584 852 588
word 0.9113253 724 1276 1041 1272 726 1335 1041 1331
word 0.7514034 629 530 726 528 631 588 726 586
word 0.895253 568 663 666 672 562 708 663 718
word 0.70158386 343 1515 568 1507 347 1606 570 1600
word 0.7984112 315 1600 511 1622 307 1665 505 1687
word 0.83073205 280 1493 378 1491 284 1549 380 1545
word 0.6657826 282 1426 599 1424 284 1525 599 1521
word 0.8466109 221 534 442 536 219 588 442 590
word 0.9653466 155 1270 505 1264 157 1326 505 1320
word 0.80832034 157 670 536 670 155 710 536 712
word 0.946588 126 416 410 418 124 471 410 471
word 0.7754802 94 1592 157 1592 92 1681 157 1681
word 0.87323797 0 1517 157 1485 0 1616 175 1584
word 0.70463467 0 333 63 331 0 398 63 396
