word 0.66322386 3601 495 3771 495 3605 599 3771 599
word 0.70767236 3605 1254 3827 1258 3601 1313 3827 1317
word 0.84194785 3605 1643 3771 1646 3601 1702 3771 1705
word 0.7354314 3546 1379 3827 1376 3549 1449 3827 1442
word 0.7057259 3549 1771 3827 1771 3546 1840 3827 1840
word 0.87327754 3549 1511 3771 1514 3546 1570 3771 1573
word 0.9276611 3327 1057 3771 1060 3324 1126 3771 1130
word 0.7960008 3272 2086 3605 2090 3269 2145 3605 2145
word 0.7074733 3047 835 3272 825 3050 890 3272 880
word 0.962331 3047 700 3827 682 3050 790 3827 773
word 0.6637723 2769 1639 3106 1629 2773 1705 3106 1691
word 0.8875449 2773 1251 3106 1254 2769 1313 3106 1313
word 0.90679693 2773 1504 3106 1507 2769 1570 3106 1573
word 0.86669964 2773 1053 3217 1057 2769 1123 3217 1126
word 0.97518754 2773 1372 3106 1376 2769 1445 3106 1445
word 0.9753005 2773 1761 3106 1764 2769 1833 3106 1837
word 0.95481664 2658 755 3827 748 2662 825 3827 818
word 0.88776726 2270 2457 3605 2457 2274 2520 3605 2520
word 0.9295895 2274 2606 3660 2606 2270 2669 3660 2669
word 0.97615945 2274 2527 3660 2527 2270 2596 3660 2596
word 0.97015613 2274 2305 3605 2308 2270 2378 3605 2378
word 0.987096 2274 2371 3605 2374 2270 2447 3605 2450
word 0.9801219 2163 1036 2606 1043 2159 1130 2606 1137
word 0.81963634 2107 2222 2828 2249 2104 2294 2828 2322
word 0.9095751 2052 1237 2606 1237 2048 1296 2606 1296
word 0.9700701 1663 1053 1996 1053 1660 1123 1996 1123
word 0.9369798 1553 1223 1885 1227 1549 1310 1885 1310
word 0.95682895 1553 513 2662 519 1549 637 2662 644
word 0.9394388 1553 363 2662 374 1549 488 2662 495
word 0.8945075 1494 1365 2606 1365 1497 1428 2606 1428
word 0.9063423 1494 1757 2606 1750 1497 1826 2606 1816
word 0.90232265 1494 2298 1885 2291 1497 2395 1885 2391
word 0.90397084 1497 1618 2551 1625 1494 1684 2551 1691
word 0.9256746 1442 752 2551 759 1438 825 2551 828
word 0.8474841 1383 2665 2329 2655 1386 2755 2329 2749
word 0.9641678 1164 2073 1774 2083 1161 2159 1774 2170
word 0.7635503 1053 1019 1442 1022 1050 1126 1442 1130
word 0.8387177 606 2471 1053 2471 610 2634 1053 2634
word 0.87758416 551 2218 1053 2211 554 2381 1053 2374
word 0.9330666 551 2343 1053 2333 554 2506 1053 2499
word 0.88680214 443 1015 831 1015 440 1112 831 1112
word 0.8569343 332 1622 1331 1622 329 1688 1331 1688
word 0.94141185 332 1750 1275 1757 329 1816 1275 1826
word 0.83667064 332 1345 1386 1351 329 1421 1386 1428
word 0.9457561 332 1223 1164 1230 329 1289 1164 1296
word 0.9747991 332 1480 1164 1490 329 1553 1164 1563
word 0.8410052 277 852 1279 908 270 925 1275 981
