word 0.93941444 2235 879 2443 873 2237 948 2443 942
word 0.94886357 2166 1417 2409 1417 2168 1460 2409 1458
word 0.9356594 2161 447 2271 440 2168 533 2275 527
word 0.9005697 2030 759 2305 770 2028 813 2305 821
word 0.96614784 1961 574 2443 589 1959 632 2443 647
word 0.96689713 1824 542 2168 546 1821 602 2168 606
word 0.88665056 1789 871 2030 873 1787 927 2030 929
word 0.91150904 1789 952 2030 957 1787 1006 2030 1011
word 0.9317925 1686 755 1961 759 1684 806 1961 808
word 0.91472644 1649 580 1824 578 1652 638 1824 636
word 0.82502973 1652 675 1720 675 1649 707 1720 709
word 0.97425234 1512 1731 2202 1731 1514 1783 2202 1781
word 0.9903613 1512 1669 2443 1667 1514 1731 2443 1729
word 0.97051215 1512 1791 2099 1783 1514 1839 2099 1832
word 0.99487317 1514 1563 2443 1570 1512 1626 2443 1634
word 0.8444027 1342 937 1686 948 1340 978 1686 987
word 0.9658431 1307 739 1617 750 1305 791 1617 802
word 0.97297996 1273 651 1514 653 1271 699 1514 701
word 0.8664104 1273 1499 1411 1501 1271 1563 1411 1566
word 0.8668893 1170 567 1514 580 1168 619 1514 630
word 0.95455265 1101 197 1312 206 1094 307 1307 316
word 0.9635379 998 742 1204 744 995 785 1204 787
word 0.9738673 998 853 1686 866 995 897 1686 909
word 0.91070616 998 927 1273 940 995 976 1273 987
word 0.9335273 961 1628 1135 1626 963 1686 1135 1684
word 0.9509456 963 339 1619 374 959 425 1617 458
word 0.9487716 929 421 1619 449 924 505 1617 533
word 0.8271369 858 1559 1101 1555 860 1641 1101 1636
word 0.7598968 860 557 1101 561 858 608 1101 613
word 0.9430056 789 1834 1445 1826 791 1908 1445 1899
word 0.96362996 757 1408 1170 1411 755 1460 1170 1464
word 0.8133617 619 716 826 722 617 774 826 780
word 0.7923266 619 836 724 845 615 881 722 890
word 0.9464891 516 636 894 645 514 681 894 690
word 0.95504165 206 705 413 707 204 752 413 755
word 0.96161324 206 821 585 834 204 864 585 877
word 0.92128736 206 903 757 922 204 948 757 967
word 0.953539 206 1479 520 1492 200 1593 516 1606
word 0.88146776 152 1587 481 1550 172 1748 499 1714
word 0.8757198 103 589 413 600 101 645 413 656
word 0.98602885 34 1387 447 1391 32 1456 447 1460
