word 0.6240321 2812 946 3220 851 3046 1942 3261 1846
word 0.94253236 2869 459 3002 456 2872 554 3002 552
word 0.84219044 2826 1055 3133 1052 2828 1104 3133 1101
word 0.88958967 2654 892 3002 897 2651 971 3002 976
word 0.86560214 2608 1729 2915 1724 2611 1787 2915 1781
word 0.9881954 2480 573 3092 609 2475 660 3089 699
word 0.8466432 2263 883 2611 886 2260 946 2611 949
word 0.9592721 2263 1033 2567 1039 2260 1090 2567 1096
word 0.8235266 2263 1136 2524 1145 2260 1199 2524 1204
word 0.7735279 2175 633 2698 633 2173 704 2698 704
word 0.88177717 1955 146 2350 146 1958 271 2350 271
word 0.8678504 1868 2184 2567 2170 1871 2235 2567 2222
word 0.9345537 1825 2121 2785 2094 1827 2181 2785 2156
word 0.9494808 1825 1991 2959 1966 1827 2056 2959 2031
word 0.94165206 1825 1931 2959 1917 1827 1988 2959 1974
word 0.9399406 1740 864 2132 875 1738 935 2132 946
word 0.89861685 1697 734 2263 737 1694 805 2263 807
word 0.9620476 1697 1860 2306 1868 1694 1923 2306 1931
word 0.93523437 1653 307 2175 307 1651 413 2175 416
word 0.8537268 1566 587 2050 644 1558 650 2045 707
word 0.90265125 1392 826 1656 843 1387 889 1653 905
word 0.9630153 1305 1101 2132 1136 1302 1158 2132 1196
word 0.9596088 1305 981 2135 1025 1300 1044 2132 1087
word 0.9368579 1305 206 1612 217 1300 337 1610 348
word 0.9332997 1305 342 2189 454 1289 459 2175 568
word 0.8619242 1213 1974 1566 1961 1218 2061 1569 2048
word 0.8770988 1175 546 1525 557 1169 628 1523 641
word 0.94292706 1120 2314 1827 2243 1131 2420 1835 2347
word 0.94605005 957 1754 1436 1754 954 1825 1436 1825
word 0.7309966 826 791 1177 805 821 873 1175 886
word 0.61088336 435 1925 786 1936 429 2048 783 2059
word 0.90404224 348 794 652 796 345 873 652 873
word 0.94142693 304 965 913 968 301 1014 913 1017
word 0.9810591 304 1079 957 1090 301 1136 957 1147
word 0.8984823 261 652 1131 682 258 712 1131 745
word 0.98791444 261 1708 699 1729 255 1789 696 1811
word 0.8012107 114 24 696 0 130 182 709 122
word 0.89380765 0 1931 87 1923 0 2015 92 2007
