word 0.6274117 2659 152 2726 156 2653 242 2722 246
word 0.612149 2622 1355 2722 1349 2628 1443 2726 1439
word 0.6001903 2534 711 2659 713 2532 764 2659 766
word 0.7018263 2497 651 2722 635 2503 715 2726 698
word 0.67329496 2565 700 2749 743 2446 1368 2690 1411
word 0.90448093 2409 750 2724 768 2405 811 2722 827
word 0.63858205 2409 115 2538 123 2403 199 2534 207
word 0.97428364 2250 1271 2471 1269 2252 1308 2471 1306
word 0.8608885 2190 518 2534 520 2188 576 2534 578
word 0.96006083 2000 248 2596 244 2002 305 2596 301
word 0.87269086 1906 756 2127 756 1908 801 2127 799
word 0.82058954 1906 666 2127 664 1908 709 2127 707
word 0.90961564 1812 518 2127 516 1814 574 2127 572
word 0.9106176 1750 307 2722 299 1752 359 2722 351
word 0.9369297 1531 1646 2158 1644 1533 1681 2158 1679
word 0.9665305 1531 1378 1908 1378 1533 1423 1908 1423
word 0.98070574 1531 1482 2534 1480 1533 1529 2534 1527
word 0.8114681 1531 326 1627 320 1533 361 1627 357
word 0.99104476 1531 1427 2534 1427 1533 1480 2534 1480
word 0.9613294 1533 1585 2315 1587 1531 1632 2315 1634
word 0.98455083 1407 516 1720 516 1406 574 1720 576
word 0.9550851 1374 666 1752 666 1376 698 1752 698
word 0.8546789 1376 308 1472 312 1372 363 1470 367
word 0.8143778 1343 1357 1501 1355 1345 1413 1501 1413
word 0.91255695 1343 406 1627 404 1345 457 1627 457
word 0.89607507 1249 158 1752 152 1251 234 1752 230
word 0.8660165 1220 312 1345 314 1218 363 1345 363
word 0.8674251 1030 524 1282 520 1032 576 1282 574
word 0.82267356 1032 805 1097 809 1028 860 1095 866
word 0.95615745 999 758 1752 752 1001 801 1752 793
word 0.8597288 1001 662 1314 662 999 705 1314 707
word 0.7599531 967 1486 1157 1482 969 1544 1157 1540
word 0.9663598 969 48 1720 48 967 132 1720 132
word 0.94735456 969 146 1222 154 966 230 1220 238
word 0.8470006 905 1423 1157 1417 907 1488 1157 1484
word 0.9538232 874 1673 1501 1673 876 1740 1501 1738
word 0.87887764 876 314 1126 318 874 363 1126 367
word 0.9097524 780 1265 1126 1263 782 1321 1126 1321
word 0.627286 623 516 876 514 625 576 876 574
word 0.9708972 498 439 876 439 500 479 876 477
word 0.6607007 438 1472 500 1472 436 1540 500 1540
word 0.80965424 375 1515 625 1523 373 1570 625 1578
word 0.94340813 305 1363 594 1343 312 1460 600 1441
word 0.89276755 312 1537 571 1562 303 1625 563 1652
word 0.91010153 267 1447 625 1400 281 1539 637 1492
word 0.8676068 217 664 750 662 219 705 750 705
word 0.79598475 217 516 469 514 219 576 469 574
word 0.90525025 125 1251 531 1251 123 1302 531 1304
word 0.980457 125 400 406 404 123 453 406 459
word 0.9220794 0 1372 125 1370 0 1427 125 1425
word 0.83105826 0 919 62 917 0 985 62 983
word 0.6791017 0 162 62 164 0 228 62 228
word 0.85745764 0 762 62 762 0 831 62 831
