word 0.7908224 1109 386 1177 389 1108 407 1177 410
word 0.8763358 1091 140 1143 139 1092 173 1143 172
word 0.8946676 1074 352 1160 352 1075 371 1160 371
word 0.83566594 1006 295 1143 296 1005 320 1143 322
word 0.87769985 987 664 1126 654 989 686 1127 677
word 0.6790229 955 650 1041 652 954 668 1041 670
word 0.9172783 935 611 1109 598 938 652 1111 638
word 0.9653106 920 504 1126 503 921 567 1126 567
word 0.8103924 904 569 1111 585 901 599 1109 615
word 0.91272914 870 381 955 382 869 403 955 404
word 0.9081556 870 344 955 347 869 366 955 370
word 0.8381676 853 293 972 294 852 313 972 314
word 0.9048952 834 209 1177 189 836 238 1178 218
word 0.7464468 715 739 972 737 716 757 972 754
word 0.9555493 716 692 1126 697 715 714 1126 721
word 0.9435355 716 668 1126 678 715 690 1126 699
word 0.9238925 716 649 955 660 715 669 955 680
word 0.95168424 682 291 819 293 681 316 819 318
word 0.8770704 665 381 819 382 664 397 819 398
word 0.87959504 665 243 853 246 664 268 853 272
word 0.9747613 665 622 887 631 664 647 887 656
word 0.79567015 597 209 785 213 596 230 785 234
word 0.836092 545 295 648 294 546 313 648 312
word 0.95549405 529 104 819 107 528 140 819 144
word 0.9451926 512 344 819 345 510 364 819 365
word 0.9089715 512 140 836 146 510 178 836 182
word 0.90685403 512 377 631 381 510 398 631 403
word 0.6648041 494 646 597 647 493 679 597 679
word 0.8358945 476 757 750 749 477 787 750 779
word 0.8242194 477 208 580 210 476 229 580 231
word 0.9401483 408 582 546 582 409 605 546 604
word 0.6556277 375 284 477 286 374 316 477 320
word 0.76652586 237 681 358 680 238 721 358 720
word 0.85020185 237 598 375 596 238 651 375 649
word 0.8796793 220 632 375 631 221 684 375 682
word 0.96284944 221 285 307 286 220 311 307 312
word 0.9702587 187 377 409 379 186 396 409 398
word 0.9800091 187 338 392 342 186 360 392 363
word 0.9217524 170 570 273 572 169 601 273 603
word 0.89823604 170 238 461 252 168 261 460 276
