word 0.66648847 2302 52 2431 52 2300 137 2431 137
word 0.7616879 2265 605 2529 585 2269 646 2531 628
word 0.9088715 2107 1181 2334 1185 2105 1218 2334 1222
word 0.8936631 2107 462 2431 466 2105 514 2431 520
word 0.9584449 1880 178 2531 224 1876 235 2529 279
word 0.84717095 1751 591 1978 599 1749 632 1978 640
word 0.85397035 1718 453 2010 464 1716 504 2010 514
word 0.9556544 1619 251 2367 235 1621 301 2367 285
word 0.96947575 1556 340 1718 344 1554 399 1718 403
word 0.98744917 1394 1489 2010 1497 1392 1530 2010 1536
word 0.9789861 1394 1436 2302 1447 1392 1483 2302 1491
word 0.8900901 1361 1335 2107 1341 1359 1380 2107 1386
word 0.9603454 1264 451 1588 458 1262 506 1588 510
word 0.981329 1232 589 1621 589 1230 622 1621 624
word 0.98410153 1232 334 1491 336 1230 389 1491 391
word 0.8950368 1232 1270 1783 1290 1230 1317 1783 1337
word 0.9380687 1070 251 1524 255 1068 299 1524 303
word 0.9629206 905 455 1134 453 907 500 1134 500
word 0.8578935 843 89 1621 91 841 174 1621 176
word 0.7226471 843 0 1588 0 841 58 1588 60
word 0.9480808 843 581 1037 583 841 632 1037 636
word 0.94720876 808 1378 972 1376 810 1440 972 1438
word 0.88130337 778 1323 1070 1325 776 1384 1070 1386
word 0.95609397 745 245 1005 247 743 297 1005 301
word 0.9454611 713 1558 1361 1568 711 1625 1361 1633
word 0.8775899 616 435 715 439 612 500 713 504
word 0.7757873 583 1167 810 1167 581 1215 810 1215
word 0.8538887 486 437 583 437 484 502 583 502
word 0.96121144 324 360 713 360 322 397 713 399
word 0.9353785 62 435 291 433 64 498 291 496
word 0.64061695 44 1329 389 1276 64 1459 407 1406
word 0.8077582 64 1408 131 1410 60 1463 129 1467
word 0.7433424 64 1442 196 1449 60 1501 194 1507
word 0.95658994 32 579 551 585 30 622 551 628
word 0.9542577 0 324 259 328 0 374 259 376
word 0.9594717 0 1147 389 1145 0 1201 389 1201
