word 0.839989 1126 162 1177 162 1125 198 1177 198
word 0.7643705 1108 403 1211 401 1109 424 1211 422
word 0.98053455 1040 665 1143 664 1041 688 1143 686
word 0.91628075 1041 339 1177 341 1040 366 1177 370
word 0.9865509 954 215 1211 214 955 248 1211 247
word 0.94086796 887 402 989 403 886 424 989 424
word 0.88543165 869 340 1006 339 870 365 1006 364
word 0.9638321 852 242 1194 233 853 269 1194 262
word 0.9728646 715 772 1143 756 716 797 1143 781
word 0.97033197 714 844 1006 832 716 871 1008 858
word 0.98128086 715 748 1041 741 716 772 1041 765
word 0.98030406 714 820 1075 803 716 848 1076 830
word 0.98517823 714 796 1143 778 716 822 1144 804
word 0.9716361 682 338 836 339 681 368 836 369
word 0.9714326 664 285 870 285 665 315 870 314
word 0.91576475 665 717 904 725 664 742 904 749
word 0.9452856 545 336 648 334 546 364 648 363
word 0.97324413 512 155 838 172 508 201 836 218
word 0.969614 512 104 838 125 508 151 836 173
word 0.9607331 494 398 819 401 493 423 819 424
word 0.8394728 476 791 597 788 477 822 597 819
word 0.9267869 475 761 614 756 477 795 615 790
word 0.85708493 456 888 733 855 460 923 737 891
word 0.8980495 460 231 803 250 458 258 802 277
word 0.6115139 409 326 460 328 408 357 460 358
word 0.89741576 374 689 546 686 375 717 546 715
word 0.9714262 238 283 426 284 237 306 426 307
word 0.97234684 170 821 308 824 168 872 307 875
word 0.8481513 149 736 324 725 153 790 327 778
word 0.96556455 153 779 324 781 152 832 324 834
word 0.86707604 136 324 256 325 135 352 256 354
word 0.97944236 102 677 290 679 101 708 290 710
word 0.8934287 85 392 358 395 84 416 358 418
word 0.98556876 85 262 221 263 84 294 221 296
