word 0.6078794 2340 1301 2411 1305 2336 1342 2409 1346
word 0.71370494 2271 309 2340 314 2269 346 2340 348
word 0.92339605 2166 445 2271 443 2168 509 2271 507
word 0.8731001 2168 849 2409 858 2166 890 2409 897
word 0.9589534 2028 1342 2202 1342 2030 1383 2202 1383
word 0.82152593 1994 776 2271 765 1996 821 2271 808
word 0.9052912 1785 570 2340 548 1789 628 2342 608
word 0.95492953 1718 789 1961 783 1720 834 1961 828
word 0.97623765 1718 884 1892 881 1720 920 1892 918
word 0.8732482 1649 625 1892 625 1652 666 1892 666
word 0.7583122 1507 255 1652 245 1514 329 1656 320
word 0.9674206 1475 1632 2099 1604 1479 1680 2101 1652
word 0.95917314 1475 1684 1996 1649 1479 1727 1998 1692
word 0.9807458 1475 1589 2271 1548 1479 1636 2273 1593
word 0.95671844 1441 1510 2099 1473 1445 1553 2101 1516
word 0.8989678 1337 1475 1789 1451 1342 1518 1791 1495
word 0.92108333 1340 798 1617 798 1342 847 1617 845
word 0.8779629 1303 709 1652 690 1307 759 1654 742
word 0.9843213 1305 905 1617 894 1307 942 1617 931
word 0.85840064 1064 817 1273 815 1066 862 1273 860
word 0.94830775 993 518 1617 492 998 589 1619 563
word 0.9857713 995 432 1617 415 998 501 1617 483
word 0.9193973 995 920 1239 912 998 974 1239 965
word 0.8956724 995 1544 1204 1538 998 1600 1204 1593
word 0.7580621 998 1583 1135 1587 995 1636 1135 1639
word 0.9324346 959 1753 1479 1727 963 1815 1482 1789
word 0.91128796 927 653 1548 632 929 696 1548 675
word 0.8534678 823 1424 1101 1415 826 1475 1101 1469
word 0.84913987 720 826 929 826 722 879 929 879
word 0.7811431 447 1544 759 1553 443 1649 757 1656
word 0.60340595 447 1611 662 1632 436 1697 653 1718
word 0.9580924 376 847 550 841 378 890 550 884
word 0.97567856 307 1447 653 1436 309 1501 653 1488
word 0.9748297 307 970 791 946 309 1011 791 987
word 0.9205761 275 744 894 763 273 789 894 808
word 0.9198307 240 212 311 212 236 311 309 311
word 0.8512039 0 1213 172 225 0 1436 561 449
