word 0.77497363 3002 1680 3089 1686 3000 1732 3089 1738
word 0.94216776 2782 533 2915 530 2785 620 2915 617
word 0.9762052 2741 1117 3046 1131 2739 1166 3046 1180
word 0.93078816 2567 1767 2872 1770 2564 1811 2872 1814
word 0.9771069 2567 954 2915 957 2564 1011 2915 1014
word 0.7877444 2390 802 2480 799 2393 854 2480 854
word 0.9049858 2303 666 2959 660 2306 734 2959 728
word 0.81749946 2216 2083 2437 2078 2219 2140 2437 2135
word 0.9830646 2173 957 2480 957 2175 1014 2480 1014
word 0.9910075 2175 1120 2437 1120 2173 1175 2437 1177
word 0.9921939 2086 742 3002 737 2088 796 3002 791
word 0.93163466 1784 2053 2872 2059 1781 2099 2872 2107
word 0.90962994 1784 1933 2611 1942 1781 1982 2611 1991
word 0.9151618 1784 2105 2828 2118 1781 2156 2828 2170
word 0.9792544 1784 1980 2915 1999 1781 2039 2915 2059
word 0.9730001 1694 957 2045 957 1697 1022 2045 1022
word 0.9016255 1653 1852 2222 1895 1648 1901 2219 1942
word 0.88328344 1653 826 2178 867 1648 886 2175 927
word 0.9937224 1520 2311 2611 2295 1523 2366 2611 2350
word 0.8928314 1520 2369 2524 2363 1523 2418 2524 2409
word 0.8585727 1479 747 1958 747 1476 810 1958 810
word 0.9519604 1305 968 1566 968 1302 1014 1566 1014
word 0.94584924 1259 465 2088 465 1262 554 2088 552
word 0.92649126 1259 573 2088 571 1262 660 2088 658
word 0.98812795 1215 1128 2045 1112 1218 1183 2045 1166
word 0.94007903 1218 2010 1349 2015 1215 2061 1349 2064
word 0.8346938 1175 1909 1523 1909 1172 1988 1523 1988
word 0.9425061 1128 2197 2524 2162 1131 2254 2524 2222
word 0.82659626 1131 742 1436 747 1128 796 1436 802
word 0.960813 998 1770 1349 1767 1000 1825 1349 1819
word 0.8198912 954 2290 1044 2287 957 2317 1044 2317
word 0.789422 870 960 1131 962 867 1022 1131 1025
word 0.7365497 696 883 1087 883 693 935 1087 935
word 0.85112274 519 1838 870 1835 522 1977 870 1974
word 0.97701204 345 1727 783 1727 348 1792 783 1792
word 0.9683358 348 1123 957 1128 345 1180 957 1185
word 0.8328304 304 829 652 843 301 889 652 900
word 0.7824719 127 1414 261 1414 130 1452 261 1452
word 0.81030035 87 2015 217 2018 84 2064 217 2067
word 0.70594066 40 1128 217 1126 43 1185 217 1185
