word 0.6945675 1550 2 1586 2 1548 56 1586 57
word 0.6288991 1550 257 1586 258 1548 312 1586 312
word 0.683674 1512 445 1586 445 1513 493 1586 493
word 0.759652 1454 158 1531 151 1457 189 1533 182
word 0.83404034 1402 59 1476 59 1401 109 1476 110
word 0.85136753 1382 372 1586 364 1384 399 1586 390
word 0.9913769 1328 134 1476 136 1327 170 1476 171
word 0.92464536 1307 727 1439 720 1310 751 1440 745
word 0.95610166 1290 298 1457 298 1291 329 1457 329
word 0.9588706 1162 141 1330 155 1159 176 1328 190
word 0.694265 1088 375 1217 377 1087 392 1217 393
word 0.8887527 1050 301 1217 298 1051 329 1217 328
word 0.927888 1014 174 1162 175 1013 208 1162 209
word 0.9515462 976 229 1070 227 978 260 1070 258
word 0.97205615 884 858 1457 850 885 885 1457 877
word 0.95853835 884 795 1107 794 885 821 1107 820
word 0.9893814 884 919 1365 914 885 948 1365 943
word 0.95738715 884 826 1328 821 885 855 1328 850
word 0.9839705 811 298 996 301 810 331 996 333
word 0.880575 773 230 941 229 775 265 941 264
word 0.9636151 607 305 738 301 608 335 738 332
word 0.8579375 552 86 996 83 553 134 996 130
word 0.9505803 552 866 682 865 553 898 682 897
word 0.9500696 552 24 1014 21 553 73 1014 71
word 0.91049886 533 831 682 831 535 868 682 868
word 0.9235331 515 981 867 978 516 1017 867 1014
word 0.8845961 498 182 645 183 497 212 645 213
word 0.9675395 441 738 627 736 442 768 627 766
word 0.86818534 442 301 498 302 441 335 498 336
word 0.83896136 369 302 424 303 367 335 424 336
word 0.8946864 184 785 370 788 182 845 369 850
word 0.81939936 184 883 372 892 179 961 369 971
word 0.95583797 184 821 390 831 179 915 387 924
word 0.9844659 128 304 258 304 129 341 258 340
word 0.9817923 72 736 295 734 73 768 295 766
word 0.94974667 55 237 221 239 54 268 221 271
word 0.7024863 0 980 36 978 0 1023 38 1021
