word 0.89315486 1364 390 1408 389 1365 410 1408 408
word 0.95858735 1280 404 1386 406 1278 426 1386 429
word 0.85552174 1256 146 1322 142 1258 185 1324 182
word 0.93214333 1237 445 1386 448 1236 469 1386 473
word 0.9495659 1172 334 1322 332 1173 361 1322 357
word 0.9945704 1172 682 1280 681 1173 706 1280 705
word 0.98651147 1065 210 1344 202 1066 241 1344 233
word 0.866066 1066 252 1134 264 1061 276 1130 289
word 0.9705408 1001 450 1109 450 1002 476 1109 476
word 0.92613304 1001 337 1152 334 1002 365 1152 362
word 0.94826275 980 161 1152 156 981 209 1152 205
word 0.84360456 980 408 1109 408 981 433 1109 432
word 0.9554322 958 241 1365 228 960 268 1365 254
word 0.9914213 830 786 1301 781 832 809 1301 804
word 0.987368 830 762 1301 760 832 785 1301 782
word 0.6706748 832 858 1130 861 830 877 1130 880
word 0.96296597 788 342 960 340 789 376 960 374
word 0.9365805 789 733 1024 742 788 756 1024 765
word 0.96937585 768 286 960 290 766 317 960 321
word 0.8595801 745 412 938 410 746 434 938 433
word 0.7265726 617 356 746 350 618 378 746 373
word 0.97133344 596 129 960 121 597 169 960 161
word 0.7582016 574 797 661 796 576 817 661 816
word 0.9086442 574 458 938 450 576 486 938 478
word 0.95752347 574 766 725 765 576 794 725 794
word 0.86764914 574 416 725 414 576 442 725 441
word 0.86719084 552 884 896 866 554 917 897 901
word 0.98585206 553 256 917 245 554 284 917 274
word 0.92849255 468 697 640 696 469 722 640 721
word 0.79840255 425 349 554 349 426 386 554 386
word 0.90291643 341 880 426 880 340 897 426 897
word 0.80255026 296 838 448 833 298 886 449 881
word 0.9285694 298 786 469 788 297 856 469 857
word 0.83643585 234 358 362 358 233 389 362 390
word 0.96354985 212 696 405 693 213 725 405 722
word 0.98905873 212 465 448 462 213 492 448 489
word 0.92929715 190 422 469 418 192 449 469 445
word 0.8633045 192 308 533 313 190 334 533 340
