word 0.6402905 2741 1240 2875 1253 2736 1283 2872 1297
word 0.8914601 2654 592 2785 592 2651 679 2785 682
word 0.9302638 2608 1150 2915 1136 2611 1194 2915 1180
word 0.8028422 2437 1757 2698 1759 2434 1797 2698 1800
word 0.9583552 2437 998 2785 1003 2434 1052 2785 1058
word 0.9830567 2216 723 2828 723 2219 783 2828 780
word 0.9443786 2045 1136 2306 1136 2042 1185 2306 1185
word 0.8489759 2045 1229 2306 1232 2042 1272 2306 1278
word 0.98716015 2045 992 2350 995 2042 1049 2350 1052
word 0.9557832 1955 777 2872 764 1958 835 2872 821
word 0.6798843 1868 195 1958 195 1871 228 1958 225
word 0.7212798 1822 2132 1914 2124 1827 2184 1917 2178
word 0.9224926 1871 179 2175 342 1781 339 2088 505
word 0.9229249 1697 2099 2611 2102 1694 2146 2611 2151
word 0.99301904 1697 2037 2741 2042 1694 2094 2741 2099
word 0.9099114 1697 2156 1958 2162 1694 2200 1958 2205
word 0.8659713 1566 984 1958 990 1563 1044 1958 1049
word 0.9266552 1566 873 2045 881 1563 924 2045 932
word 0.6331677 1520 388 1697 383 1523 454 1697 451
word 0.95869625 1523 1221 1958 1229 1520 1264 1958 1272
word 0.89736545 1523 1855 2132 1876 1520 1912 2132 1931
word 0.87699264 1433 171 1697 168 1436 310 1697 307
word 0.8436966 1262 263 1699 280 1256 356 1697 372
word 0.904219 1207 361 1740 310 1218 459 1748 407
word 0.96565026 1218 987 1479 987 1215 1039 1479 1039
word 0.98367953 1175 508 1958 516 1172 592 1958 601
word 0.92466265 1131 1213 1479 1221 1128 1272 1479 1278
word 0.77803457 1085 1974 1305 1969 1087 2056 1305 2050
word 0.72030145 1087 1917 1392 1920 1085 1993 1392 1996
word 0.8890448 1044 769 1871 788 1041 826 1871 845
word 0.9548087 998 2189 1697 2189 1000 2273 1697 2273
word 0.7985518 867 1751 1349 1748 870 1803 1349 1803
word 0.78501135 783 968 1044 971 780 1041 1044 1044
word 0.97156316 478 2078 783 2078 475 2162 783 2162
word 0.9337809 478 1865 826 1871 475 1980 826 1985
word 0.961126 435 1958 826 1958 432 2080 826 2080
word 0.8290991 348 971 609 971 345 1033 609 1033
word 0.95312417 304 1112 870 1117 301 1161 870 1166
word 0.93892086 261 1202 870 1213 258 1256 870 1267
word 0.8784112 261 851 1003 889 255 903 1000 943
word 0.95964223 217 1738 652 1738 214 1800 652 1800
word 0.9173045 0 141 878 171 0 446 870 473
