word 0.637655 1160 397 1229 400 1158 430 1228 433
word 0.9640476 1092 142 1143 144 1091 180 1143 181
word 0.9138487 1057 377 1194 376 1058 397 1194 396
word 0.93522805 989 314 1143 317 988 341 1143 344
word 0.8845723 972 625 1092 626 971 647 1092 648
word 0.98877436 955 197 1177 202 954 229 1177 233
word 0.6708936 901 202 938 198 904 229 940 225
word 0.99082994 836 371 938 372 835 393 938 394
word 0.9507684 836 314 955 316 835 337 955 339
word 0.9565675 800 221 955 214 802 250 956 243
word 0.7338685 765 749 802 746 768 771 803 768
word 0.92264783 682 737 1109 741 681 757 1109 761
word 0.96076345 682 713 1109 718 681 734 1109 740
word 0.98272395 682 758 1041 764 681 779 1041 786
word 0.94768035 665 781 938 784 664 803 938 806
word 0.94979614 648 308 785 310 647 334 785 338
word 0.8613119 631 667 853 674 630 688 853 694
word 0.908797 631 256 836 260 630 283 836 289
word 0.953712 494 309 597 310 493 329 597 330
word 0.9020797 459 385 494 385 460 413 494 413
word 0.9577687 460 365 785 368 459 386 785 387
word 0.9653287 460 142 802 151 459 180 802 188
word 0.95737517 460 96 803 106 458 132 802 144
word 0.8761006 442 716 546 716 443 740 546 740
word 0.8406478 425 689 563 688 426 721 563 718
word 0.87898797 408 798 682 797 409 829 682 827
word 0.8864442 409 213 768 222 408 237 768 247
word 0.9394737 341 620 529 620 340 646 529 646
word 0.8613016 307 295 427 299 305 329 426 332
word 0.8734341 256 160 445 170 252 200 443 212
word 0.88896686 135 753 290 749 136 798 290 795
word 0.967179 136 711 290 714 135 763 290 765
word 0.8658422 136 669 309 679 133 713 307 724
word 0.79594755 119 295 238 295 118 321 238 322
word 0.88653034 85 616 273 616 84 641 273 642
word 0.9826824 85 354 324 359 84 376 324 381
word 0.8663017 68 238 393 265 66 262 392 288
word 0.62388617 16 641 68 641 17 676 68 676
word 0.7717023 0 381 52 385 0 418 51 421
