word 0.9356792 631 204 665 204 630 215 665 215
word 0.8639117 631 47 651 50 628 66 648 69
word 0.88559484 622 181 665 180 622 191 665 190
word 0.81993604 588 328 640 326 588 339 640 338
word 0.90637803 580 142 648 144 579 157 648 159
word 0.9462661 529 74 666 79 528 90 665 94
word 0.91305536 494 201 554 201 494 216 554 216
word 0.93184614 494 178 554 177 494 193 554 192
word 0.88246655 485 141 563 140 486 156 563 156
word 0.9446732 477 89 665 92 477 103 665 106
word 0.96443665 417 385 648 381 418 399 648 395
word 0.9627709 417 398 648 395 418 412 648 409
word 0.9382109 409 371 648 369 409 385 648 382
word 0.95228744 392 143 469 142 392 159 469 158
word 0.93689233 374 205 469 203 375 217 469 215
word 0.8124894 306 147 366 147 307 162 366 161
word 0.93147886 289 58 469 54 290 83 469 80
word 0.9056827 289 34 469 29 290 59 469 54
word 0.901038 289 384 324 383 290 397 324 397
word 0.9668292 289 183 469 178 290 198 469 194
word 0.94178945 290 204 358 205 289 218 358 219
word 0.75706935 272 426 477 425 273 443 477 441
word 0.84318995 264 97 443 97 264 113 443 113
word 0.95319545 229 331 307 330 230 344 307 343
word 0.8334544 212 147 230 147 213 163 230 162
word 0.8779293 161 128 264 127 162 142 264 141
word 0.9238638 118 395 187 394 119 417 188 416
word 0.9253713 118 344 187 343 119 370 187 369
word 0.84751856 110 366 205 370 109 400 204 403
word 0.7584236 102 144 162 146 101 157 162 160
word 0.9082184 84 207 230 207 85 219 230 219
word 0.95050836 85 182 221 184 84 196 221 197
word 0.9200221 76 324 179 324 76 339 179 338
word 0.92712563 76 114 153 115 76 131 153 132
