word 0.71486557 3924 0 4028 0 3914 57 4028 70
word 0.81964743 3816 1585 3934 1606 3803 1666 3924 1686
word 0.6943688 3494 856 3823 893 3484 924 3816 960
word 0.8254679 3383 1001 3816 997 3386 1071 3816 1068
word 0.8387594 3386 137 3601 137 3383 248 3601 252
word 0.7115183 3165 1868 3386 1858 3171 1955 3390 1945
word 0.8768264 3168 1975 3709 1962 3171 2066 3709 2052
word 0.7607863 3171 1807 3386 1807 3168 1901 3386 1901
word 0.8801144 3111 678 3601 655 3118 779 3605 756
word 0.9389194 2778 396 3709 265 2795 500 3722 369
word 0.83053213 2795 514 2966 534 2782 601 2956 621
word 0.97759753 2627 752 3010 732 2634 823 3013 806
word 0.8931682 2630 940 2956 927 2634 1011 2956 997
word 0.969261 2630 1058 2956 1051 2634 1128 2956 1122
word 0.915126 2526 1669 3601 1676 2523 1834 3601 1841
word 0.90515757 2204 2493 2419 2493 2200 2600 2419 2604
word 0.94435775 2147 2046 3709 2032 2150 2136 3709 2123
word 0.9855877 2147 1982 2903 1979 2150 2069 2903 2063
word 0.98268133 2150 2126 3709 2126 2147 2217 3709 2220
word 0.91635233 2150 2217 3279 2220 2147 2288 3279 2294
word 0.7055212 2096 131 2204 131 2093 174 2204 178
word 0.84161204 1985 668 2526 651 1989 745 2526 729
word 0.96098983 1989 1891 3064 1908 1985 1975 3064 1995
word 0.67063826 1804 2590 2042 2499 1881 2782 2116 2691
word 0.89027786 1713 604 2311 554 1720 678 2315 628
word 0.9113348 1555 850 1881 843 1559 917 1881 913
word 0.9420455 1495 299 2472 221 1505 409 2479 336
word 0.9588059 1495 413 2472 332 1505 534 2479 456
word 0.9556972 1444 1145 2419 1078 1451 1212 2422 1145
word 0.9333134 1448 1024 1881 1008 1451 1095 1881 1078
word 0.7598513 1394 1992 1774 1979 1397 2089 1774 2076
word 0.8100924 1391 2076 1559 2069 1397 2173 1562 2167
word 0.8227286 1394 77 1774 67 1397 191 1774 181
word 0.9334559 1286 2352 3118 2288 1290 2439 3118 2375
word 0.87370354 1179 1800 1559 1790 1182 1868 1559 1854
word 0.8165472 1021 2509 1246 2526 1008 2681 1236 2698
word 0.9553808 591 887 860 893 588 960 860 967
word 0.9373221 480 1061 1128 1051 483 1122 1128 1112
word 0.88859105 426 1172 1128 1162 430 1239 1128 1229
word 0.8582571 430 759 1290 782 426 823 1290 846
word 0.65438205 154 2093 430 1881 322 2311 594 2100
word 0.64945394 161 873 268 873 157 924 268 924
word 0.6490268 53 168 376 174 50 352 376 356
word 0.7758531 0 1169 184 1189 0 1424 161 1444
word 0.77615076 0 1145 161 1149 0 1199 161 1202
