word 0.68986815 1193 269 1245 269 1194 293 1245 292
word 0.7995835 1091 157 1143 156 1092 190 1143 190
word 0.7264804 1072 388 1194 374 1075 410 1196 395
word 0.9608978 1006 316 1143 317 1005 348 1143 349
word 0.88278025 988 631 1109 631 989 652 1109 651
word 0.9324114 920 210 1177 205 921 236 1177 232
word 0.89101815 853 385 955 386 852 405 955 405
word 0.9782071 818 236 1177 230 819 260 1177 253
word 0.9385459 699 740 1109 742 698 761 1109 764
word 0.9326267 699 717 1126 723 698 738 1126 742
word 0.93575066 699 785 972 789 698 804 972 808
word 0.9895436 699 760 972 764 698 781 972 786
word 0.8527018 664 324 972 320 665 352 972 347
word 0.88004404 648 273 837 281 646 298 836 308
word 0.8887096 648 664 871 677 646 686 870 699
word 0.8912247 512 327 614 328 510 346 614 347
word 0.9339748 493 134 819 132 494 168 819 166
word 0.94581604 493 176 819 171 494 212 819 208
word 0.7584506 476 717 546 716 477 743 546 743
word 0.92905706 476 386 802 382 477 407 802 405
word 0.8398755 476 686 597 685 477 717 597 716
word 0.83392143 459 242 768 241 460 268 768 268
word 0.94548774 443 791 699 791 442 821 699 822
word 0.982669 392 630 529 630 391 652 529 652
word 0.7669431 358 323 443 324 357 352 443 354
word 0.72440964 306 210 426 209 307 244 426 243
word 0.8342478 193 689 358 663 204 764 369 739
word 0.89600176 186 323 290 323 187 353 290 353
word 0.8364563 152 619 324 617 153 646 324 644
word 0.93768495 153 385 375 386 152 406 375 408
word 0.8587747 136 276 427 296 134 299 426 320
word 0.6122329 50 339 85 337 51 356 85 354
