word 0.684667 4532 1062 4876 1076 4469 2482 4816 2496
word 0.7983119 4249 276 4476 276 4246 386 4476 386
word 0.91410875 4192 1250 4646 1260 4189 1317 4646 1328
word 0.9590117 3906 927 4476 927 3909 1034 4476 1034
word 0.91653013 3509 502 4589 467 3513 605 4589 570
word 0.73970616 3343 2089 3626 2100 3339 2188 3626 2199
word 0.96846706 3286 1228 3682 1235 3282 1306 3682 1313
word 0.92011833 3226 938 3739 938 3229 1041 3739 1037
word 0.9282365 3109 2241 4306 2195 3116 2386 4309 2340
word 0.8010696 3116 605 3852 619 3112 704 3852 718
word 0.93419915 3052 1834 3909 1813 3059 2100 3913 2078
word 0.7412956 2999 2061 3229 2061 3003 2167 3229 2163
word 0.9494825 2999 835 3229 835 3003 910 3229 906
word 0.8118584 2829 648 2946 640 2833 697 2946 694
word 0.9473337 2663 2712 4253 2779 2656 2801 4249 2868
word 0.9623716 2663 2528 4366 2606 2656 2627 4362 2702
word 0.897956 2663 2354 3233 2383 2656 2447 3229 2475
word 0.96542454 2663 2617 4366 2698 2656 2719 4362 2801
word 0.94305575 2549 945 3116 945 2546 1048 3116 1048
word 0.7125393 2549 633 2663 637 2546 694 2663 697
word 0.91177976 2489 757 2946 754 2493 860 2946 857
word 0.93751436 2489 2284 2719 2284 2493 2386 2719 2386
word 0.7239547 2262 665 2379 662 2266 729 2379 725
word 0.9014913 1979 966 2379 966 1983 1041 2379 1037
word 0.95262545 1866 364 3116 357 1869 506 3116 495
word 0.94306314 1866 212 3116 201 1869 336 3116 322
word 0.9548778 1869 1189 2266 1193 1866 1278 2266 1281
word 0.72059727 1809 2393 2209 2386 1813 2496 2209 2489
word 0.6744154 1752 2514 1983 2510 1756 2613 1983 2606
word 0.81059897 1756 630 2153 630 1752 715 2153 718
word 0.9683417 1699 2794 3739 2833 1696 2903 3739 2942
word 0.9536456 1473 2153 1983 2156 1469 2234 1983 2238
word 0.7753023 1303 949 1699 949 1299 1055 1699 1055
word 0.98226154 1076 828 1643 839 1073 895 1643 906
word 0.9551665 903 2638 1359 2638 906 2765 1359 2765
word 0.95956886 846 2330 1359 2323 849 2507 1359 2500
word 0.9798694 849 2482 1359 2486 846 2645 1359 2648
word 0.95777434 733 956 1076 956 736 1055 1076 1051
word 0.90728307 563 772 1019 768 566 871 1019 867
word 0.94592917 566 2100 1133 2107 563 2185 1133 2192
word 0.9472878 566 1168 1586 1182 563 1253 1586 1267
word 0.74503386 453 2287 566 2287 449 2337 566 2340
word 0.64358777 453 2507 570 2510 446 2762 566 2765
word 0.68235445 453 2330 594 2344 421 2585 566 2602
