word 0.67169803 1074 162 1143 162 1075 197 1143 197
word 0.93730396 1041 391 1143 391 1040 412 1143 412
word 0.98369485 988 643 1092 643 989 663 1092 663
word 0.85132337 989 328 1126 330 988 354 1126 355
word 0.9482044 904 219 1160 219 903 244 1160 245
word 0.8596361 836 330 955 331 835 350 955 353
word 0.8994998 818 244 1160 240 819 265 1160 261
word 0.91102636 819 390 938 391 818 412 938 412
word 0.95810944 681 738 1109 737 682 756 1109 756
word 0.801559 682 807 955 808 681 822 955 823
word 0.9428978 682 758 1109 760 681 778 1109 779
word 0.99653274 682 778 989 781 681 800 989 803
word 0.9571241 665 710 1006 713 664 733 1006 737
word 0.8295116 648 329 802 329 647 354 802 355
word 0.8186282 631 682 853 691 630 705 853 713
word 0.9455053 631 277 803 286 629 304 802 313
word 0.7945679 493 333 597 332 494 354 597 352
word 0.9821159 477 174 802 176 476 212 802 212
word 0.9672963 477 132 802 133 476 167 802 168
word 0.9893106 459 392 785 388 460 413 785 409
word 0.87313 442 707 580 704 443 740 580 738
word 0.88513947 443 245 750 248 442 266 750 269
word 0.8814492 443 740 529 743 442 762 529 765
word 0.8540169 425 820 716 812 426 849 716 842
word 0.95286256 358 648 443 648 357 669 443 670
word 0.85982376 152 328 256 328 153 355 256 354
word 0.9515921 101 637 290 635 102 667 290 666
word 0.9544446 102 388 341 392 101 409 341 413
word 0.92326826 102 280 393 297 100 300 392 318
