word 0.6289082 1237 361 1344 362 1236 385 1344 386
word 0.83066654 1213 88 1280 85 1216 122 1281 120
word 0.9058861 1193 322 1344 317 1194 345 1344 340
word 0.9416361 1152 585 1258 585 1150 604 1258 604
word 0.9438043 1129 262 1280 261 1130 284 1280 284
word 0.9320588 1001 149 1301 141 1002 180 1301 172
word 0.83086085 980 272 1109 264 981 292 1109 284
word 0.9668091 980 328 1088 326 981 348 1088 346
word 0.98481005 981 366 1088 368 980 388 1088 389
word 0.96743566 958 97 1088 96 960 142 1088 141
word 0.9355397 937 178 1301 160 938 198 1301 180
word 0.73445874 830 765 1002 758 832 781 1002 776
word 0.95495236 830 710 1280 708 832 732 1280 729
word 0.97387 830 689 1280 682 832 712 1280 704
word 0.9652561 832 725 1173 734 830 745 1173 754
word 0.94025236 809 666 1280 656 810 690 1280 678
word 0.94121075 766 272 938 268 768 301 938 297
word 0.9149726 766 644 1024 642 768 666 1024 665
word 0.9337726 766 221 960 220 768 245 960 242
word 0.973296 617 280 725 278 618 305 725 304
word 0.8594407 596 377 938 368 597 397 938 386
word 0.9347842 596 336 938 325 597 357 938 345
word 0.93443924 574 677 725 674 576 705 725 702
word 0.96828556 574 74 917 65 576 113 917 105
word 0.95779264 574 116 917 106 576 160 917 150
word 0.751568 574 700 682 696 576 725 682 721
word 0.9304462 553 789 853 782 554 820 853 813
word 0.9078789 553 193 896 178 554 216 896 202
word 0.8068445 490 604 618 605 489 625 618 626
word 0.63531244 446 284 554 282 448 313 554 312
word 0.72240216 297 646 469 644 298 710 469 709
word 0.98526555 233 346 469 342 234 368 469 364
word 0.9767468 233 386 490 381 234 410 490 405
word 0.9346279 212 246 533 238 213 269 533 261
word 0.8499813 212 613 426 610 213 642 426 640
