word 0.7753153 2953 364 3046 359 2959 435 3049 429
word 0.90531605 2869 777 3089 772 2872 835 3089 829
word 0.6727123 2782 889 3089 873 2785 938 3089 922
word 0.9390053 2785 184 2915 187 2782 280 2915 280
word 0.8810771 2608 1463 2915 1460 2611 1512 2915 1506
word 0.7758064 2611 13 2828 13 2608 57 2828 57
word 0.9322349 2564 639 2959 633 2567 701 2959 699
word 0.62697923 2437 1857 2526 1860 2431 1914 2524 1920
word 0.96401536 2303 345 2959 326 2306 421 2959 405
word 0.88918185 2173 810 2437 796 2175 862 2437 851
word 0.9444725 2173 905 2480 903 2175 965 2480 962
word 0.947754 2129 658 2480 652 2132 712 2480 709
word 0.8459626 2045 416 2437 427 2042 495 2437 505
word 0.813027 1958 535 2132 535 1955 595 2132 598
word 0.98504704 1825 1909 2524 1893 1827 1966 2524 1950
word 0.9817004 1825 1672 2915 1642 1827 1729 2915 1702
word 0.9837109 1825 1789 2959 1754 1827 1849 2959 1814
word 0.9375576 1825 1729 2959 1699 1827 1787 2959 1757
word 0.8249809 1694 54 1827 43 1697 95 1827 87
word 0.96857786 1651 671 2001 671 1653 734 2001 734
word 0.939438 1607 541 1914 535 1610 611 1914 609
word 0.9894193 1607 818 2045 810 1610 870 2045 862
word 0.86315495 1433 459 1914 446 1436 514 1914 500
word 0.8555434 1433 62 1610 57 1436 100 1610 95
word 0.9630595 1349 0 2350 0 1346 51 2350 54
word 0.8364831 1215 1003 1305 1003 1218 1058 1305 1055
word 0.8935633 1218 682 1523 685 1215 737 1523 742
word 0.8915075 1218 27 1392 32 1215 95 1392 100
word 0.9142396 1172 274 2045 261 1175 367 2045 356
word 0.9637083 1172 157 2045 144 1175 250 2045 236
word 0.92317814 1172 832 1566 829 1175 886 1566 883
word 0.93476284 1172 938 2045 913 1175 992 2045 968
word 0.7335819 1175 1767 1349 1770 1172 1822 1349 1827
word 0.8697501 1128 1689 1479 1678 1131 1770 1479 1762
word 0.93959326 1041 1982 1784 1963 1044 2072 1784 2053
word 0.81274265 1044 451 1349 459 1041 505 1349 514
word 0.9715647 911 1517 1566 1501 913 1580 1566 1563
word 0.8599134 737 674 1044 669 739 753 1044 750
word 0.8745695 606 590 1000 587 609 633 1000 633
word 0.90957344 391 1890 696 1893 388 2007 696 2010
word 0.78985137 345 1694 783 1689 348 1819 783 1816
word 0.6854347 348 1784 742 1792 342 1906 739 1914
word 0.98086315 301 682 565 679 304 747 565 745
word 0.8448058 258 851 913 835 261 900 913 883
word 0.94849193 214 951 870 949 217 1009 870 1006
word 0.9804779 171 1520 652 1509 174 1591 652 1583
word 0.9602922 174 541 522 543 171 611 522 614
word 0.9767658 0 40 304 48 0 106 304 114
