word 0.6466533 2594 973 3002 886 2828 2045 3234 1958
word 0.9675889 2651 549 2785 546 2654 639 2785 639
word 0.78325486 2564 1104 2959 1090 2567 1153 2959 1139
word 0.90472156 2434 976 2785 965 2437 1033 2785 1022
word 0.9444997 2434 1710 2741 1708 2437 1754 2741 1751
word 0.931823 2170 720 2872 679 2175 807 2875 767
word 0.9807925 2042 992 2350 987 2045 1049 2350 1041
word 0.98508054 2042 1123 2306 1120 2045 1180 2306 1177
word 0.7868686 1955 777 2306 775 1958 848 2306 845
word 0.9948126 1738 2045 2437 2026 1740 2097 2437 2078
word 0.9504937 1738 1991 2741 1971 1740 2039 2741 2020
word 0.96216506 1738 2097 2393 2080 1740 2143 2393 2127
word 0.91240734 1738 1939 2785 1923 1740 1982 2785 1966
word 0.97435325 1738 1887 2524 1874 1740 1933 2524 1920
word 0.9744938 1607 1841 2132 1835 1610 1884 2132 1879
word 0.96070516 1607 1009 1958 1000 1610 1071 1958 1066
word 0.9134997 1563 889 2001 886 1566 946 2001 943
word 0.9651932 1563 1145 1958 1139 1566 1188 1958 1183
word 0.9615842 1259 1030 1479 1030 1262 1077 1479 1077
word 0.96828145 1169 549 1958 524 1175 639 1961 614
word 0.9540913 1169 658 1958 622 1175 750 1961 715
word 0.94938695 1172 1903 1479 1898 1175 1963 1479 1958
word 0.7689458 1175 1950 1351 1958 1169 2012 1349 2020
word 0.87796074 1128 2148 1740 2143 1131 2214 1740 2208
word 0.97461814 1085 829 1827 802 1087 883 1827 859
word 0.9668294 998 1754 1610 1743 1000 1806 1610 1795
word 0.87982076 824 1033 1087 1030 826 1109 1087 1109
word 0.8879733 601 1971 957 1950 609 2069 962 2048
word 0.83923006 606 1882 913 1879 609 2007 913 2007
word 0.89276296 606 2059 913 2053 609 2140 913 2135
word 0.9001407 432 1049 696 1047 435 1117 696 1115
word 0.89680314 388 1202 1044 1177 391 1248 1044 1223
word 0.8863595 388 1757 783 1748 391 1811 783 1806
word 0.97788596 304 941 1044 957 301 1000 1044 1017
