word 0.73156965 1174 1447 1228 1450 1172 1483 1228 1484
word 0.8563588 1136 926 1310 925 1146 1621 1319 1617
word 0.8554419 1088 965 1228 955 1092 1010 1230 1000
word 0.7618201 1063 873 1283 868 1064 916 1283 911
word 0.891955 981 1479 1119 1477 983 1513 1119 1512
word 0.97238994 872 500 1201 494 873 558 1201 552
word 0.8958231 844 889 955 887 846 923 955 921
word 0.9897266 708 1655 1119 1641 709 1706 1119 1694
word 0.9631511 708 1875 846 1875 709 1913 846 1911
word 0.91329324 706 1815 1092 1797 709 1867 1093 1848
word 0.9895006 706 1710 1119 1691 709 1759 1121 1740
word 0.98934585 706 1761 1119 1742 709 1812 1121 1792
word 0.9115257 626 774 1146 762 628 820 1146 808
word 0.9743979 624 1609 873 1599 628 1658 875 1648
word 0.92173386 597 655 846 641 600 706 848 692
word 0.8171388 541 1302 655 1293 546 1349 658 1341
word 0.8993406 512 1105 791 1097 518 1334 797 1326
word 0.8972611 433 998 955 972 436 1042 957 1015
word 0.96295804 436 779 573 779 435 832 573 832
word 0.884163 436 1735 494 1739 431 1790 491 1793
word 0.97679275 406 308 819 298 409 394 820 382
word 0.95032626 407 1689 546 1689 409 1740 546 1740
word 0.9537813 406 906 819 885 409 947 820 928
word 0.9389337 378 570 928 551 382 626 930 609
word 0.9776426 378 1945 709 1930 382 1998 711 1983
word 0.93749267 325 1517 600 1510 327 1573 600 1565
word 0.7026778 298 790 409 788 300 844 409 843
word 0.90818197 109 802 245 805 107 860 245 863
word 0.9597126 78 1035 354 1018 81 1087 356 1070
word 0.9691838 78 943 327 928 81 993 329 976
word 0.9317243 52 1537 273 1530 54 1595 273 1590
word 0.6469363 0 1488 119 1491 0 2114 109 2116
word 0.60790855 0 1841 81 1836 0 1957 87 1952
word 0.9282441 0 692 382 689 0 749 382 745
