word 0.6617952 2872 981 3133 990 2869 1028 3133 1036
word 0.96882325 2828 413 2959 413 2826 503 2959 503
word 0.96642053 2782 1082 3133 1077 2785 1136 3133 1131
word 0.8261658 2608 1667 2915 1664 2611 1710 2915 1710
word 0.91711736 2611 845 3002 848 2608 916 3002 919
word 0.9829093 2350 552 3046 552 2347 633 3046 633
word 0.9344351 2173 971 2437 971 2175 1017 2437 1017
word 0.97130543 2175 851 2480 854 2173 905 2480 908
word 0.9891457 2175 1071 2437 1077 2173 1123 2437 1128
word 0.78507113 2088 617 2480 625 2086 679 2480 688
word 0.96508515 1740 1830 2959 1868 1738 1890 2959 1928
word 0.9616853 1740 2020 2915 2061 1738 2078 2915 2118
word 0.96507186 1740 1952 2959 1996 1738 2015 2959 2059
word 0.9381488 1740 2083 2524 2116 1738 2137 2524 2170
word 0.90853417 1653 837 2045 840 1651 903 2045 905
word 0.84892315 1604 723 2132 696 1610 780 2135 756
word 0.99062884 1610 1773 2219 1776 1607 1833 2219 1838
word 0.8991196 1566 962 2045 965 1563 1009 2045 1011
word 0.760371 1259 848 1523 840 1262 900 1523 892
word 0.95137817 1218 443 2088 446 1215 533 2088 535
word 0.9747721 1218 337 2045 348 1215 418 2045 429
word 0.7604019 1172 1112 1262 1112 1175 1185 1262 1185
word 0.9280554 1175 1058 2001 1066 1172 1109 2001 1115
word 0.97429043 1175 957 1523 960 1172 1017 1523 1019
word 0.8829466 1085 2260 1784 2252 1087 2341 1784 2336
word 0.83522177 1085 1846 1436 1846 1087 1933 1436 1933
word 0.8151746 1087 611 1958 611 1085 666 1958 666
word 0.95724857 1044 2140 1784 2151 1041 2227 1784 2241
word 0.9260698 870 1621 1349 1626 867 1686 1349 1691
word 0.82152367 388 821 652 818 391 889 652 886
word 0.9084722 304 1732 696 1735 301 1868 696 1874
word 0.9553018 261 699 1044 704 258 750 1044 756
word 0.9309308 261 938 913 949 258 990 913 1003
word 0.9282922 261 1039 870 1055 258 1093 870 1107
word 0.9692818 217 1623 652 1623 214 1694 652 1697
word 0.7638097 127 543 217 543 130 582 217 579
word 0.8034755 0 1740 220 1746 0 1844 217 1849
