word 0.78149784 1226 161 1262 160 1228 189 1264 187
word 0.88139266 1109 99 1160 100 1108 147 1160 147
word 0.94154304 1074 357 1177 356 1075 381 1177 380
word 0.8128462 1021 292 1160 286 1024 324 1161 320
word 0.97243536 1005 629 1126 628 1006 652 1126 651
word 0.9310675 902 176 1194 160 904 206 1195 192
word 0.7827528 853 0 1008 1 851 59 1006 64
word 0.94037 835 364 938 363 836 389 938 388
word 0.95755374 835 298 972 295 836 329 972 326
word 0.86682105 800 201 1194 181 802 233 1195 212
word 0.96192354 681 754 1126 747 682 777 1126 771
word 0.9759666 681 732 1126 722 682 757 1126 747
word 0.9487708 681 710 1024 704 682 734 1024 728
word 0.961417 681 801 972 796 682 827 972 823
word 0.8813977 630 304 802 304 631 336 802 334
word 0.94064707 631 682 853 686 630 706 853 710
word 0.96200854 614 252 819 252 613 283 819 283
word 0.9055016 477 311 580 312 476 337 580 338
word 0.9257994 441 94 802 86 443 139 803 131
word 0.8325287 442 714 563 713 443 747 563 745
word 0.93725306 442 140 802 134 443 184 802 178
word 0.7909569 443 403 477 403 442 434 477 434
word 0.71668845 443 750 494 752 442 774 494 776
word 0.95024544 425 378 785 368 426 403 785 393
word 0.91443324 424 826 699 817 426 864 700 854
word 0.9396413 391 220 750 215 392 247 750 242
word 0.9023374 340 654 494 650 341 680 494 676
word 0.9271429 284 876 614 849 290 929 618 902
word 0.6862888 289 874 341 874 290 890 341 890
word 0.7104604 288 317 392 311 290 352 393 345
word 0.7822143 135 713 273 713 136 760 273 760
word 0.8536153 135 755 273 753 136 800 273 797
word 0.7343278 136 663 273 664 135 717 273 720
word 0.75750685 101 320 221 318 102 354 221 353
word 0.82847196 85 647 256 649 84 676 256 678
word 0.96858597 67 392 307 388 68 416 307 412
word 0.92419094 68 270 376 283 66 297 375 310
