word 0.9207713 2872 312 3002 312 2869 405 3002 405
word 0.6610254 3002 696 3261 2254 2709 786 3176 2341
word 0.8632128 2698 900 2959 900 2695 949 2959 949
word 0.903944 2611 753 2959 761 2608 815 2959 821
word 0.93624306 2564 1550 2828 1550 2567 1591 2828 1588
word 0.989315 2434 467 3002 467 2437 546 3002 543
word 0.84299815 2219 753 2524 761 2216 802 2524 810
word 0.9637587 2175 897 2437 897 2173 946 2437 946
word 0.969614 2129 522 2437 508 2132 590 2437 579
word 0.896847 1912 535 2001 533 1914 579 2001 576
word 0.9199631 1781 1887 2741 1884 1784 1933 2741 1931
word 0.9138012 1784 1942 2437 1942 1781 1982 2437 1982
word 0.9962533 1784 1819 2828 1830 1781 1874 2828 1884
word 0.8762488 1784 1710 2567 1719 1781 1762 2567 1773
word 0.9351453 1740 747 2088 750 1738 813 2088 818
word 0.9322914 1697 617 2132 617 1694 677 2132 679
word 0.9858635 1697 1656 2175 1661 1694 1705 2175 1710
word 0.8625551 1346 753 1610 753 1349 799 1610 799
word 0.96540296 1262 220 2132 231 1259 315 2132 326
word 0.9376813 1262 337 2132 350 1259 424 2132 437
word 0.87104225 1215 932 1305 932 1218 1003 1305 1003
word 0.90952533 1218 889 2045 892 1215 941 2045 941
word 0.8476995 1172 1713 1523 1710 1175 1787 1523 1784
word 0.80645627 1175 1776 1436 1778 1172 1838 1436 1838
word 0.98272395 1175 516 1871 524 1172 573 1871 582
word 0.9510679 1131 1977 1827 1980 1128 2059 1827 2061
word 0.8587504 957 1536 1349 1539 954 1596 1349 1599
word 0.7148425 870 734 1175 739 867 807 1175 813
word 0.88744193 565 1985 739 1985 563 2037 739 2039
word 0.9238684 522 1656 875 1678 514 1778 870 1800
word 0.8701425 478 1724 892 1784 454 1890 870 1950
word 0.81319106 478 1825 720 1876 451 1947 696 1999
word 0.9548709 435 731 696 731 432 799 696 799
word 0.8736449 304 1531 783 1531 301 1591 783 1593
word 0.94518924 304 878 870 881 301 924 870 927
word 0.9464235 304 601 1044 636 301 658 1044 693
