word 0.7470812 1494 481 1550 478 1495 514 1550 513
word 0.8643435 1494 391 1568 389 1495 429 1568 427
word 0.6624903 1439 190 1495 188 1440 223 1495 221
word 0.91105485 1403 87 1459 87 1404 137 1459 137
word 0.85269785 1368 460 1459 462 1366 479 1459 482
word 0.9198476 1368 568 1459 571 1366 589 1459 591
word 0.8243675 1348 404 1459 404 1349 428 1459 428
word 0.92643416 1331 623 1459 623 1330 644 1459 645
word 0.9206171 1276 322 1459 326 1275 355 1459 359
word 0.83529294 1257 753 1386 752 1258 775 1386 774
word 0.9406051 1149 168 1440 172 1147 200 1440 204
word 0.9756155 1057 318 1222 318 1056 353 1222 353
word 0.82115984 1039 451 1185 453 1038 476 1185 477
word 0.9048631 1039 399 1185 400 1038 422 1185 425
word 0.91360897 1039 559 1185 562 1038 584 1185 587
word 0.9704017 1039 614 1167 615 1038 639 1167 641
word 0.98049337 1020 197 1404 188 1021 228 1404 218
word 0.8623911 910 202 948 202 912 223 948 223
word 0.9560892 839 869 1386 877 837 898 1386 907
word 0.9781188 839 899 1386 909 837 926 1386 937
word 0.9725875 839 930 1404 940 837 959 1404 969
word 0.94002885 820 314 1003 315 819 348 1003 349
word 0.6891979 820 962 1386 972 819 986 1386 996
word 0.9677813 784 245 1003 251 783 277 1003 282
word 0.9426967 784 801 1059 813 782 828 1057 841
word 0.85790735 747 608 966 613 746 630 966 634
word 0.903328 620 313 729 316 619 343 729 346
word 0.9652753 565 37 1003 44 564 86 1003 93
word 0.91232896 565 96 1003 104 564 144 1003 152
word 0.7202411 546 419 601 418 547 448 601 446
word 0.9323987 547 392 966 395 546 412 966 416
word 0.93405575 547 603 674 603 546 632 674 633
word 0.7505343 547 498 711 499 546 515 711 517
word 0.89127874 547 442 966 449 546 465 966 471
word 0.967756 528 866 620 868 527 901 620 902
word 0.9419366 510 192 875 196 509 221 875 224
word 0.83985406 492 983 857 983 491 1016 857 1016
word 0.7338686 454 312 492 311 456 342 492 340
word 0.9584741 401 735 747 739 400 770 747 774
word 0.88725805 310 494 419 494 308 516 419 517
word 0.9537758 310 437 474 438 308 466 474 467
word 0.9346497 310 598 419 599 308 630 419 631
word 0.94673616 310 384 383 385 308 408 383 409
word 0.85310817 182 807 383 808 181 889 383 890
word 0.81041795 182 759 364 761 181 825 364 827
word 0.89461803 127 307 255 308 126 339 255 340
word 0.9364905 72 384 291 386 71 405 291 408
word 0.860745 72 729 237 731 71 759 237 760
word 0.9393334 72 492 291 494 71 514 291 516
word 0.91090065 72 598 291 601 71 622 291 624
word 0.9585622 72 239 457 258 70 265 456 285
word 0.7218287 0 801 72 793 0 835 75 828
word 0.8660476 0 541 456 547 0 570 456 574
