word 0.66737175 1304 736 1386 666 1344 782 1425 712
word 0.7348734 1300 521 1386 518 1301 542 1386 538
word 0.9457037 1278 245 1344 244 1280 285 1344 284
word 0.81375664 1258 476 1408 484 1257 497 1408 506
word 0.86041903 1173 748 1301 748 1172 770 1301 772
word 0.8290913 1173 422 1344 426 1172 452 1344 456
word 0.80390525 1109 332 1173 334 1108 356 1173 358
word 0.97066176 1024 514 1130 516 1022 540 1130 540
word 0.9725873 1024 472 1130 473 1022 497 1130 498
word 0.9876926 1024 418 1152 420 1022 446 1152 448
word 0.95513994 978 317 1386 300 981 350 1388 333
word 0.9242854 958 833 1322 822 960 853 1322 842
word 0.9301169 853 817 1045 818 852 840 1045 841
word 0.9636717 853 913 1152 921 852 936 1152 944
word 0.9860954 853 888 1258 900 852 912 1258 924
word 0.63213694 853 832 897 836 850 857 896 861
word 0.87618816 810 410 981 413 809 441 981 445
word 0.94500905 788 358 1024 357 789 389 1024 388
word 0.9592798 789 504 981 508 788 532 981 534
word 0.9717985 725 309 918 320 722 337 917 348
word 0.9066152 640 408 768 409 638 433 768 433
word 0.9823723 618 461 981 465 617 489 981 493
word 0.9693393 618 500 768 504 617 530 768 534
word 0.93786156 618 236 981 245 617 278 981 288
word 0.947383 618 190 981 201 617 229 981 241
word 0.8234119 597 841 682 845 596 868 682 870
word 0.91505617 574 820 704 820 576 854 704 853
word 0.9314106 576 310 704 312 574 337 704 338
word 0.97016925 554 926 853 932 553 965 853 972
word 0.9796643 512 738 682 740 510 765 682 765
word 0.8855238 448 394 576 398 446 433 576 437
word 0.91574275 384 353 576 357 382 377 576 381
word 0.7601807 297 838 405 836 298 873 405 872
word 0.64975715 297 916 405 912 298 937 405 933
word 0.8438188 276 789 448 788 277 852 448 852
word 0.9425319 277 396 384 396 276 421 384 421
word 0.8776625 256 453 490 461 254 477 490 485
word 0.92038256 256 177 581 201 249 261 576 285
word 0.9904377 234 338 362 340 233 368 362 369
word 0.8217774 234 494 512 504 233 516 512 526
