word 0.868894 1301 501 1388 510 1298 524 1386 533
word 0.89843386 1258 461 1386 464 1257 484 1386 486
word 0.94800043 1194 734 1301 734 1193 753 1301 753
word 0.8382392 1173 388 1344 389 1172 410 1344 412
word 0.9296285 1109 872 1154 880 1105 892 1152 898
word 0.89961565 1065 269 1365 265 1066 298 1365 293
word 0.9720974 1022 193 1194 189 1024 257 1194 253
word 0.86487204 1001 390 1152 390 1002 412 1152 412
word 0.86328 1002 504 1130 505 1001 530 1130 530
word 0.9555979 1002 461 1130 461 1001 486 1130 488
word 0.98782754 980 300 1365 290 981 322 1365 314
word 0.8699439 873 840 1173 837 874 861 1173 857
word 0.9474392 852 816 1301 812 853 838 1301 836
word 0.9413408 852 892 1322 884 853 910 1322 904
word 0.97393024 832 782 1045 792 830 810 1045 818
word 0.84174836 809 392 981 389 810 421 981 418
word 0.71294045 788 773 832 772 789 800 832 798
word 0.89850426 789 340 981 349 788 365 981 374
word 0.8451773 724 301 917 300 725 329 917 329
word 0.81170684 640 397 768 397 638 421 768 421
word 0.93969667 617 180 981 176 618 220 981 217
word 0.9313282 617 222 981 220 618 266 981 264
word 0.9513731 596 469 981 458 597 496 981 486
word 0.8868672 596 842 682 841 597 878 682 877
word 0.8801064 596 513 981 500 597 541 981 529
word 0.9625044 574 929 1322 904 576 954 1322 929
word 0.76395774 574 804 746 800 576 844 746 840
word 0.82787114 576 302 704 304 574 326 704 329
word 0.8777953 510 745 768 741 512 774 768 770
word 0.9132858 446 393 576 392 448 428 576 426
word 0.90094936 297 828 405 828 298 893 405 893
word 0.9605529 297 749 448 748 298 814 448 813
word 0.78864837 276 789 469 789 277 860 469 860
word 0.9173038 254 397 384 396 256 428 384 426
word 0.96422166 233 517 490 517 234 540 490 538
word 0.9245959 234 474 490 474 233 497 490 497
word 0.8001945 234 729 364 737 232 762 362 770
word 0.87618655 213 344 362 344 212 369 362 369
