word 0.60012627 1420 408 1536 405 1429 914 1544 913
word 0.95445824 1364 233 1429 232 1365 272 1429 270
word 0.97754693 1342 513 1472 513 1344 537 1472 536
word 0.9847417 1257 813 1386 813 1258 836 1386 836
word 0.8420808 1258 432 1429 433 1257 454 1429 454
word 0.98557776 1150 294 1450 292 1152 326 1450 324
word 0.9629984 1065 430 1216 430 1066 454 1216 454
word 0.97310156 1066 504 1194 506 1065 530 1194 533
word 0.92650175 1024 322 1472 330 1022 348 1472 356
word 0.9753849 980 378 1066 377 981 406 1066 405
word 0.94198346 896 922 1408 924 894 945 1408 946
word 0.98298717 896 973 1301 974 894 1000 1301 1001
word 0.94025254 896 946 1386 949 894 972 1386 974
word 0.9453375 874 890 1280 896 873 918 1280 924
word 0.92029166 832 421 1024 425 830 454 1024 457
word 0.8259748 810 364 960 366 809 392 960 394
word 0.90822023 810 852 1089 870 808 877 1088 894
word 0.9644409 661 421 789 422 660 448 789 450
word 0.9178945 618 501 1024 502 617 525 1024 526
word 0.9682215 618 225 1024 237 617 270 1024 281
word 0.9359671 618 173 1024 185 617 217 1024 229
word 0.87489176 596 925 725 925 597 956 725 956
word 0.95867985 596 878 725 877 597 920 725 918
word 0.8692107 576 310 981 328 574 337 981 354
word 0.9683095 553 1020 1216 998 554 1050 1216 1029
word 0.61300665 512 409 577 414 509 444 576 448
word 0.96522933 489 809 682 809 490 837 682 837
word 0.69348526 448 409 492 412 445 445 490 448
word 0.82479584 341 369 554 376 340 394 554 402
word 0.9816544 276 970 448 965 277 1016 448 1012
word 0.96700466 277 910 470 917 274 981 469 986
word 0.9690917 256 866 469 868 254 926 469 928
word 0.9356522 213 404 341 405 212 438 341 440
word 0.98167914 170 485 469 493 169 513 469 520
word 0.933571 149 338 320 340 148 373 320 373
