word 0.6654485 1126 521 1194 522 1125 538 1194 538
word 0.72684705 1126 369 1211 371 1125 387 1211 390
word 0.91347295 1108 162 1160 161 1109 197 1160 196
word 0.9249069 1108 444 1194 442 1109 465 1194 461
word 0.9040395 1109 482 1194 482 1108 500 1194 500
word 0.72470206 1109 404 1211 407 1108 425 1211 427
word 0.9574929 1022 612 1126 611 1024 634 1126 633
word 0.8691921 1024 313 1160 316 1022 337 1160 339
word 0.9385163 937 215 1194 211 938 240 1194 234
word 0.8787108 887 312 990 317 885 331 989 337
word 0.9550667 870 441 972 441 869 462 972 462
word 0.9184735 870 404 972 405 869 425 972 426
word 0.9043631 870 369 972 369 869 388 972 388
word 0.798384 870 516 972 517 869 534 972 535
word 0.92595375 835 232 1177 229 836 254 1177 251
word 0.9195793 733 696 1143 704 732 717 1143 725
word 0.987578 733 740 1160 750 732 762 1160 773
word 0.91186136 716 764 1160 772 715 786 1160 794
word 0.9248404 716 673 1177 684 715 695 1177 707
word 0.9224941 699 309 836 311 698 334 836 336
word 0.9010545 681 233 802 231 682 251 802 248
word 0.92365295 682 648 888 658 680 669 887 680
word 0.77653694 613 233 665 231 614 249 665 247
word 0.8737038 546 309 648 311 545 327 648 329
word 0.9057424 529 435 819 436 528 454 819 456
word 0.8265391 529 396 819 400 528 417 819 420
word 0.9565884 529 360 819 364 528 380 819 385
word 0.9552214 529 78 836 87 528 103 836 110
word 0.9781757 529 160 836 166 528 195 836 201
word 0.9351425 529 121 836 130 528 155 836 164
word 0.9084923 510 472 836 471 512 492 836 492
word 0.64566416 512 493 563 494 510 515 563 515
word 0.6704771 493 668 614 668 494 698 614 697
word 0.8660976 494 695 597 696 493 721 597 722
word 0.807615 494 224 597 227 493 245 597 248
word 0.97379905 477 772 733 776 476 807 733 810
word 0.8986881 409 602 614 605 408 626 614 628
word 0.7328246 392 298 496 304 390 326 494 331
word 0.88888615 307 266 477 268 306 284 477 286
word 0.74378896 267 690 375 680 273 747 379 738
word 0.9336195 236 647 392 642 238 704 393 698
word 0.9092345 235 610 375 601 238 662 377 653
word 0.89371556 221 295 324 296 220 322 324 323
word 0.95412165 187 428 477 430 186 449 477 451
word 0.8786243 187 466 341 469 186 483 341 486
word 0.9859363 187 349 460 357 186 373 460 380
word 0.9757613 187 388 443 395 186 410 443 417
word 0.8991832 170 593 290 595 169 619 290 622
word 0.8942207 170 244 307 247 169 274 307 277
