word 0.7198469 3133 1534 3220 1536 3130 1604 3220 1607
word 0.72363245 2913 935 3133 930 2915 990 3133 984
word 0.8279288 2869 1030 3133 1025 2872 1085 3133 1079
word 0.92120665 2828 397 2959 402 2826 489 2959 492
word 0.7588853 2695 1593 2915 1593 2698 1634 2915 1634
word 0.972545 2651 824 3002 821 2654 886 3002 883
word 0.9809495 2388 554 3046 530 2393 636 3049 609
word 0.9040292 2260 1060 2524 1055 2263 1104 2524 1101
word 0.9800537 2260 962 2524 960 2263 1014 2524 1011
word 0.8588993 2260 848 2567 835 2263 903 2567 886
word 0.93763053 2127 631 2524 617 2132 707 2526 690
word 0.9523518 1912 1841 3046 1825 1914 1893 3046 1874
word 0.9308088 1912 2018 2611 2015 1914 2061 2611 2059
word 0.9797512 1912 1958 2785 1944 1914 2015 2785 2001
word 0.9439989 1868 1781 3002 1765 1871 1838 3002 1822
word 0.9245189 1738 859 2132 859 1740 930 2132 930
word 0.8487875 1732 758 2175 715 1740 815 2181 772
word 0.90948975 1694 987 2132 973 1697 1028 2132 1011
word 0.8392342 1523 652 2045 655 1520 709 2045 712
word 0.75012404 1392 883 1653 886 1389 932 1653 935
word 0.9892042 1346 998 1653 992 1349 1055 1653 1049
word 0.9736643 1346 1098 2132 1063 1349 1147 2132 1112
word 0.957971 1300 410 2132 378 1305 495 2135 462
word 0.9688382 1300 505 2132 481 1305 598 2135 573
word 0.8949548 1305 1822 1610 1825 1302 1901 1610 1901
word 0.887699 1259 2102 1914 2080 1262 2181 1914 2159
word 0.92639285 1215 685 1479 677 1218 742 1479 734
word 0.9479456 1085 1637 1392 1634 1087 1699 1392 1694
word 0.9161622 995 892 1218 883 1000 973 1221 965
word 0.96489984 563 916 783 911 565 987 783 984
word 0.9355055 475 1126 1044 1112 478 1180 1044 1164
word 0.84993 475 1036 1087 1011 478 1082 1087 1060
word 0.9512914 432 807 1175 775 435 862 1175 832
word 0.9182209 432 1675 870 1656 435 1740 870 1721
