word 0.9878414 2325 833 2553 828 2327 875 2553 870
word 0.7740407 2323 302 2440 295 2327 380 2442 375
word 0.97529614 2137 1422 2402 1415 2140 1469 2402 1461
word 0.87674433 2140 692 2478 699 2137 739 2478 748
word 0.9323591 1914 422 2553 429 1912 481 2553 488
word 0.9935832 1802 830 2027 833 1799 872 2027 872
word 0.9771303 1762 699 2027 699 1764 743 2027 743
word 0.9840655 1649 485 2553 469 1652 537 2553 520
word 0.9631536 1612 589 1764 586 1614 635 1764 633
word 0.9636611 1424 1586 2177 1586 1426 1628 2177 1626
word 0.9105422 1426 1738 2177 1741 1424 1788 2177 1788
word 0.98965317 1426 1530 1839 1530 1424 1579 1839 1579
word 0.9495607 1426 1630 2440 1637 1424 1677 2440 1682
word 0.99818337 1426 1680 2440 1684 1424 1731 2440 1736
word 0.9606412 1389 1788 2065 1788 1386 1837 2065 1837
word 0.96043056 1311 694 1652 692 1314 746 1652 743
word 0.93340623 1274 574 1539 574 1276 626 1539 626
word 0.8830207 1274 1508 1389 1504 1276 1565 1389 1560
word 0.95370305 1163 323 1652 333 1161 398 1652 408
word 0.9281239 1126 490 1576 490 1124 539 1576 539
word 0.91241854 936 699 1201 696 938 743 1201 741
word 0.98667026 898 828 1689 826 901 872 1689 870
word 0.83297193 901 880 976 880 898 931 976 931
word 0.9282358 861 1633 1051 1630 863 1694 1051 1691
word 0.9252105 861 225 1652 225 863 312 1652 312
word 0.83661056 788 1560 1126 1565 786 1633 1126 1637
word 0.87715065 748 485 1051 485 750 542 1051 542
word 0.9472278 750 1811 1426 1818 748 1882 1426 1889
word 0.967768 638 1422 1013 1422 635 1473 1013 1476
word 0.77882886 525 682 863 689 523 746 863 753
word 0.8872199 413 1504 530 1511 405 1675 525 1680
word 0.95811635 373 612 750 610 375 650 750 650
word 0.9738302 211 1513 413 1483 225 1595 424 1567
word 0.83709615 187 1666 492 1684 180 1774 488 1795
word 0.86025786 187 1541 553 1645 157 1647 525 1752
word 0.9372737 110 696 375 689 112 748 375 743
word 0.98252356 75 830 600 835 72 870 600 872
word 0.9248252 0 579 300 577 0 628 300 628
word 0.90956044 0 1400 413 1396 0 1457 413 1454
