word 0.8915377 1125 130 1194 130 1126 166 1194 166
word 0.8714143 1108 374 1262 373 1109 398 1262 397
word 0.96325135 1040 315 1194 315 1041 346 1194 345
word 0.9783754 1041 660 1160 660 1040 683 1160 684
word 0.97320163 919 197 1228 186 921 229 1229 218
word 0.8567713 852 378 972 378 853 397 972 397
word 0.9306144 852 323 989 323 853 346 989 346
word 0.77125037 766 262 853 261 768 290 853 290
word 0.97275686 699 724 1058 734 698 747 1058 758
word 0.9732046 699 747 1177 764 698 774 1177 790
word 0.95381856 699 821 1006 836 698 843 1006 857
word 0.96121466 699 796 1144 816 697 823 1143 841
word 0.96637374 699 769 1178 791 697 795 1177 818
word 0.9362099 647 324 802 324 648 352 802 352
word 0.88084495 631 700 887 706 630 723 887 728
word 0.8455019 579 923 614 923 580 958 614 958
word 0.88967246 562 225 989 225 563 252 989 252
word 0.8172577 493 328 597 328 494 352 597 352
word 0.8342134 477 51 564 53 475 102 563 104
word 0.9822296 459 163 802 156 460 201 802 194
word 0.94455737 458 120 802 109 460 160 803 149
word 0.9597049 459 381 802 376 460 402 802 397
word 0.91244084 443 726 563 727 442 759 563 760
word 0.914039 408 237 529 235 409 263 529 261
word 0.92942876 409 837 699 842 408 872 699 877
word 0.9360037 357 647 512 647 358 674 512 674
word 0.73795766 307 327 409 327 306 357 409 357
word 0.9071188 237 283 392 282 238 300 392 299
word 0.7736626 187 888 238 889 186 907 238 907
word 0.81447315 170 682 315 712 161 729 307 758
word 0.8893163 149 715 204 711 153 766 208 762
word 0.8869839 135 330 238 329 136 358 238 357
word 0.82102394 118 382 324 381 119 401 324 400
word 0.8379216 84 279 221 278 85 307 221 306
word 0.86158794 84 647 273 647 85 674 273 674
word 0.98691964 0 901 989 899 0 956 989 954
