word 0.86909276 3870 47 4028 50 3867 124 4028 124
word 0.9592043 3816 1249 4028 1256 3813 1364 4028 1370
word 0.6306089 3816 352 4028 362 3810 440 4028 450
word 0.8004037 3816 1058 4028 1065 3810 1199 4028 1206
word 0.844981 3816 487 4028 504 3806 614 4028 631
word 0.8933964 3709 144 4028 188 3692 258 4028 305
word 0.9204162 3548 191 3709 194 3544 282 3709 282
word 0.6832846 3329 0 3548 0 3333 94 3548 90
word 0.78614676 3329 134 3709 134 3333 221 3709 221
word 0.76704144 3333 67 4028 100 3326 147 4028 184
word 0.91032845 3276 547 3386 547 3279 648 3386 645
word 0.75989944 3225 1196 3601 1202 3222 1249 3601 1256
word 0.89466536 3064 191 3494 198 3060 278 3494 285
word 0.8180386 3064 245 3927 299 3057 336 3924 389
word 0.9445814 3007 1952 3279 1952 3010 2005 3279 2005
word 0.7224483 3010 1034 3440 1041 3007 1092 3440 1095
word 0.7559219 2849 94 3024 127 2832 184 3010 218
word 0.8962105 2523 1182 2849 1182 2526 1246 2849 1243
word 0.93796974 2526 1031 2903 1034 2523 1088 2903 1092
word 0.9567777 2466 745 3494 702 2472 833 3497 789
word 0.73872614 2257 141 2476 157 2251 218 2472 238
word 0.79818463 2039 2231 2956 2231 2042 2298 2956 2294
word 0.91957074 2042 2372 3386 2375 2039 2432 3386 2439
word 0.9853567 2042 2288 3386 2301 2039 2362 3386 2375
word 0.82258415 2042 2432 3171 2452 2039 2486 3171 2509
word 0.95467806 1989 1014 2419 1024 1985 1088 2419 1098
word 0.8741948 1932 870 2419 866 1935 947 2419 944
word 0.97722095 1935 2093 2580 2096 1932 2163 2580 2167
word 0.982106 1881 1165 2365 1169 1878 1226 2365 1229
word 0.91102 1720 221 2694 322 1710 315 2688 413
word 0.9564721 1505 1011 1827 1014 1501 1078 1827 1085
word 0.9355579 1451 537 2419 554 1448 648 2419 661
word 0.9646706 1451 406 2422 440 1444 517 2419 551
word 0.9522937 1397 1159 1720 1162 1394 1239 1720 1239
word 0.942967 1340 2173 1720 2173 1344 2264 1720 2264
word 0.7427528 1337 2251 1505 2241 1344 2315 1508 2304
word 0.9706621 1286 2523 2096 2509 1290 2617 2096 2607
word 0.90406597 1290 732 2311 762 1286 803 2311 833
word 0.79009104 1018 1955 1505 1952 1021 2029 1505 2022
word 0.65017974 1021 981 1290 984 1018 1068 1290 1075
word 0.83111846 537 467 974 490 527 614 967 638
word 0.9785948 477 2311 860 2298 483 2469 863 2456
word 0.8932813 426 981 698 977 430 1058 698 1058
word 0.97766316 426 2163 913 2157 430 2338 913 2331
word 0.9220245 426 2052 913 2049 430 2220 913 2217
word 0.9195328 268 1945 806 1948 265 2036 806 2039
word 0.8348063 268 1149 1021 1165 265 1209 1021 1226
word 0.95051193 268 816 1186 870 262 883 1182 940
