word 0.60874677 2176 987 2227 987 2174 1016 2227 1017
word 0.8682412 2176 872 2259 889 2142 1025 2227 1043
word 0.8706889 2022 94 2124 96 2020 166 2124 166
word 0.8820886 2022 563 2124 564 2020 595 2124 596
word 0.85867405 1945 636 2124 636 1944 673 2124 675
word 0.93308157 1843 433 2124 436 1841 475 2124 478
word 0.98182726 1817 1043 2022 1043 1816 1078 2022 1078
word 0.95446706 1688 316 1766 316 1689 340 1766 340
word 0.968652 1662 216 2150 208 1664 264 2150 256
word 0.77480924 1587 1347 1766 1352 1585 1380 1766 1385
word 0.9815139 1534 624 1715 624 1536 670 1715 668
word 0.9764776 1536 435 1766 435 1534 473 1766 473
word 0.9653894 1536 550 1715 550 1534 596 1715 596
word 0.94127154 1483 265 2176 262 1484 304 2176 300
word 0.8724371 1329 272 1382 272 1331 297 1382 297
word 0.8742588 1252 1347 1536 1347 1254 1379 1536 1379
word 0.9350422 1228 1251 2073 1264 1227 1291 2073 1304
word 0.9690421 1228 1208 2073 1219 1227 1249 2073 1262
word 0.975895 1228 1291 1996 1304 1227 1332 1996 1347
word 0.9662326 1228 1161 2073 1177 1227 1204 2073 1220
word 0.95827997 1177 430 1459 430 1176 475 1459 476
word 0.8991834 1152 332 1486 348 1148 374 1484 390
word 0.9547208 1152 1108 1563 1128 1148 1152 1561 1171
word 0.96799463 896 432 1075 432 894 473 1075 473
word 0.90369624 819 619 1126 624 817 657 1126 662
word 0.937152 819 542 1049 547 817 579 1049 582
word 0.9654158 819 121 1459 129 817 190 1459 198
word 0.9629749 819 36 1459 48 817 110 1459 121
word 0.85031855 792 1161 1024 1156 793 1214 1024 1208
word 0.9136015 793 1222 921 1222 792 1256 921 1257
word 0.6739455 793 264 972 268 792 296 972 300
word 0.9239035 766 1364 1254 1363 768 1417 1254 1416
word 0.98751265 614 1032 947 1033 612 1073 947 1075
word 0.8512584 459 617 563 616 460 651 563 649
word 0.9068694 460 542 588 544 459 569 588 571
word 0.79425514 358 1097 563 1100 356 1177 563 1180
word 0.9362332 281 1161 588 1163 280 1265 588 1267
word 0.76574886 254 336 358 336 256 374 358 372
word 0.8785249 203 427 409 425 204 475 409 475
word 0.9380982 128 1025 460 1025 126 1067 460 1067
