word 0.77462566 2062 1426 2152 1439 2054 1470 2146 1483
word 0.9808819 1973 881 2146 870 1978 928 2149 918
word 0.89301664 1889 347 2020 342 1894 428 2023 423
word 0.88937813 1849 981 2146 973 1852 1020 2146 1012
word 0.91162795 1723 1486 1978 1483 1726 1526 1978 1523
word 0.90720534 1515 481 2146 499 1512 534 2146 552
word 0.9687435 1431 981 1641 981 1428 1023 1641 1023
word 0.8420689 1389 881 1641 884 1386 934 1641 934
word 0.9040621 1389 744 2020 747 1386 802 2020 805
word 0.94278836 1302 544 2062 523 1305 589 2062 568
word 0.949026 1134 1657 2020 1652 1136 1702 2020 1694
word 0.99736387 1134 1752 1978 1752 1136 1804 1978 1804
word 0.9043849 1134 1707 1978 1707 1136 1752 1978 1752
word 0.98540944 1134 1815 1852 1812 1136 1862 1852 1860
word 0.8936267 1136 1868 1641 1868 1134 1907 1641 1907
word 0.96819717 1049 747 1347 747 1052 802 1347 802
word 0.9622196 1010 634 1431 639 1007 684 1431 689
word 0.98874354 1010 1594 1473 1604 1007 1644 1473 1657
word 0.8789155 841 1273 968 1276 839 1310 968 1312
word 0.8989894 799 1107 1223 1118 794 1281 1220 1291
word 0.9463734 755 989 1347 978 757 1028 1347 1018
word 0.9889109 713 276 1347 276 715 360 1347 357
word 0.95217675 713 894 1347 873 715 941 1347 920
word 0.9136323 713 1718 884 1715 715 1773 884 1770
word 0.94109726 713 384 1347 378 715 463 1347 457
word 0.8687905 670 1652 884 1652 673 1720 884 1720
word 0.9413796 628 1912 1136 1904 631 1978 1136 1970
word 0.93928283 628 547 1262 536 631 602 1262 594
word 0.9385052 586 1504 884 1499 589 1552 884 1547
word 0.82648885 249 763 673 755 252 823 673 815
word 0.94620657 207 999 547 997 210 1041 547 1039
word 0.82331675 207 910 589 902 210 947 589 939
word 0.87250876 165 1497 505 1489 168 1554 505 1547
word 0.9420312 168 641 676 670 163 689 673 718
word 0.8385692 126 1618 210 1620 123 1654 210 1657
word 0.87531525 0 510 126 499 0 549 128 542
