word 0.8834314 2340 537 2478 537 2338 625 2478 625
word 0.80137396 2340 1125 2478 1125 2338 1159 2478 1159
word 0.8993578 2237 1026 2478 1026 2235 1071 2478 1071
word 0.9178153 2133 931 2478 933 2131 983 2478 985
word 0.9827533 2099 1606 2340 1606 2097 1649 2340 1652
word 0.99556637 1890 668 2512 662 1892 733 2512 727
word 0.86518496 1755 937 2065 937 1753 976 2065 978
word 0.96949136 1720 1023 1961 1023 1718 1069 1961 1071
word 0.7973552 1720 1109 1961 1114 1718 1150 1961 1152
word 0.82179844 1649 735 1996 729 1652 798 1996 791
word 0.7682243 1548 789 1688 798 1544 830 1686 838
word 0.9849779 1411 1738 2374 1772 1408 1789 2374 1821
word 0.96783936 1376 707 1445 709 1374 761 1445 763
word 0.97170156 1376 1787 2374 1819 1374 1839 2374 1871
word 0.9095907 1335 735 1411 729 1342 802 1415 795
word 0.9457196 1342 931 1652 935 1340 983 1652 987
word 0.9246908 1305 828 1583 819 1307 884 1583 875
word 0.89830846 1305 1705 1789 1690 1307 1755 1789 1740
word 0.9318306 1236 1109 1617 1109 1239 1144 1617 1144
word 0.89959234 1101 712 1342 716 1099 759 1342 765
word 0.9135968 1030 940 1239 937 1032 978 1239 976
word 0.9827057 961 505 1686 501 963 578 1686 574
word 0.9760902 961 598 1686 593 963 675 1686 668
word 0.9807514 892 1026 1617 1017 894 1069 1617 1060
word 0.68723136 888 1796 1135 1774 894 1858 1140 1839
word 0.84805745 894 1105 1204 1107 892 1152 1204 1155
word 0.9507437 860 744 1101 746 858 793 1101 798
word 0.7876382 757 238 1045 271 742 369 1032 402
word 0.9027148 651 1596 1066 1591 653 1649 1066 1643
word 0.8144557 342 1882 550 1877 344 1933 550 1933
word 0.77278984 307 1759 585 1755 309 1867 585 1865
word 0.8529866 206 159 415 163 202 279 413 283
word 0.98591584 135 821 757 806 137 866 757 851
word 0.8772069 135 1109 653 1107 137 1157 653 1155
word 0.8123648 137 1617 413 1619 135 1673 413 1675
word 0.95778817 101 1021 619 1019 103 1075 619 1071
