word 0.78036636 2443 251 2585 260 2437 324 2581 333
word 0.8416805 2303 165 2581 163 2305 271 2581 268
word 0.794394 2028 871 2237 866 2030 905 2237 901
word 0.9381779 1994 1299 2168 1294 1996 1333 2168 1329
word 0.88128084 1994 501 2099 501 1996 572 2099 570
word 0.9275626 1925 1428 2168 1417 1927 1462 2168 1449
word 0.9633466 1856 789 2099 783 1858 834 2099 828
word 0.8341642 1789 1587 1996 1589 1787 1626 1996 1628
word 0.98456854 1684 1555 2168 1531 1686 1598 2168 1576
word 0.9877424 1684 888 1858 886 1686 931 1858 929
word 0.977299 1684 610 2237 595 1686 671 2237 656
word 0.96793 1684 952 1858 952 1686 993 1858 993
word 0.940164 1615 802 1824 800 1617 841 1824 836
word 0.80990463 1546 731 1686 729 1548 770 1686 767
word 0.7496522 1546 662 1755 653 1548 707 1755 701
word 0.97564185 1548 1477 2202 1479 1546 1518 2202 1520
word 0.9740706 1510 1615 1789 1598 1514 1660 1791 1641
word 0.97590286 1510 1583 1720 1568 1514 1624 1723 1611
word 0.9287828 1477 1516 2065 1505 1479 1559 2065 1546
word 0.9583683 1477 1417 1789 1413 1479 1458 1789 1454
word 0.97510594 1479 1445 2202 1445 1477 1486 2202 1488
word 0.8483254 1479 1540 1652 1542 1477 1585 1652 1587
word 0.82781017 1340 2 1617 2 1342 47 1617 47
word 0.98552275 1305 821 1548 815 1307 869 1548 860
word 0.8498967 1307 1426 1411 1430 1305 1473 1411 1479
word 0.8910654 1273 735 1479 735 1271 787 1479 787
word 0.9845145 1168 679 1479 673 1170 722 1479 716
word 0.99382275 1101 1540 1204 1540 1099 1585 1204 1585
word 0.9555432 1064 995 1307 985 1066 1041 1307 1030
word 0.9441991 1062 935 1617 899 1066 972 1619 935
word 0.8085986 1030 838 1239 836 1032 873 1239 869
word 0.9669571 993 1512 1204 1501 998 1563 1206 1553
word 0.6569139 998 23 1066 23 995 53 1066 55
word 0.9469205 961 570 1548 552 963 641 1548 623
word 0.98336875 961 496 1514 483 963 563 1514 550
word 0.98312426 924 1378 1342 1359 929 1436 1344 1415
word 0.83932203 927 694 1135 694 929 735 1135 735
word 0.92033845 892 191 1101 189 894 247 1101 245
word 0.95953095 892 133 1204 120 894 174 1204 161
word 0.8582963 894 0 1204 10 892 36 1204 49
word 0.8959627 755 849 929 847 757 907 929 907
word 0.9600427 651 785 963 776 653 828 963 819
word 0.7744613 619 32 722 34 617 66 722 66
word 0.9435315 546 380 826 365 550 428 828 413
word 0.84887916 511 1546 722 1535 516 1606 724 1596
word 0.98275566 443 974 860 950 447 1013 862 989
word 0.9571355 445 1041 894 1017 447 1082 894 1058
word 0.8176475 413 864 619 866 410 918 619 920
word 0.97025216 374 1428 688 1408 378 1484 690 1462
word 0.95185876 307 789 585 780 309 838 585 830
word 0.93755627 273 419 447 413 275 464 447 458
word 0.8328754 275 152 344 154 273 178 344 180
word 0.90732116 238 262 413 260 240 329 413 326
word 0.9175205 236 197 516 182 240 253 518 238
word 0.8155046 238 339 447 337 240 402 447 400
word 0.9747593 66 0 722 0 68 40 722 38
