word 0.7861193 1543 105 1596 106 1542 157 1596 158
word 0.842998 1543 281 1597 283 1541 331 1596 333
word 0.60855865 1543 22 1580 24 1541 66 1579 67
word 0.6464336 1524 983 1579 982 1525 996 1579 996
word 0.64630264 1523 894 1579 891 1525 931 1580 929
word 0.61811244 1489 428 1525 428 1490 453 1525 453
word 0.62829405 1356 451 1596 379 1472 834 1599 762
word 0.8290765 1401 80 1472 80 1400 127 1472 128
word 0.9594991 1276 742 1419 741 1277 768 1419 767
word 0.8449428 1277 310 1472 313 1276 344 1472 347
word 0.97411054 1170 151 1508 154 1169 186 1508 188
word 0.98145556 1064 306 1224 308 1063 337 1224 340
word 0.9296819 1027 184 1525 181 1029 211 1525 209
word 0.9067229 975 237 1065 240 973 273 1064 277
word 0.9560506 869 829 1437 838 868 857 1437 866
word 0.9774989 869 921 1419 930 868 948 1419 956
word 0.978969 869 889 1437 898 868 919 1437 927
word 0.9432003 816 298 994 306 813 330 993 338
word 0.95987564 798 184 958 188 797 209 958 214
word 0.96456224 798 231 940 235 797 262 940 266
word 0.8493098 780 787 1101 806 778 813 1100 832
word 0.908907 708 179 762 179 709 208 762 208
word 0.9611064 619 298 745 297 620 327 745 326
word 0.946279 585 380 1011 383 584 401 1011 404
word 0.9340841 585 82 1012 92 583 129 1011 139
word 0.9359128 585 19 1012 31 583 68 1011 80
word 0.943013 550 857 638 859 548 886 638 888
word 0.68231285 531 819 674 818 532 850 674 850
word 0.9875201 532 172 656 177 531 204 656 208
word 0.89389557 496 965 887 969 495 995 887 996
word 0.74581355 461 289 514 290 460 321 514 323
word 0.91480213 425 726 620 728 424 755 620 757
word 0.6600461 372 287 425 288 371 320 425 321
word 0.9655203 341 841 390 825 354 877 402 860
word 0.98337895 283 242 496 242 282 267 496 267
word 0.9683651 212 758 390 759 211 816 390 818
word 0.898681 212 860 393 876 208 912 390 927
word 0.93088657 192 828 283 826 195 880 284 878
word 0.9780002 195 801 391 810 192 850 390 859
word 0.87261903 141 281 267 288 139 312 266 319
word 0.92579216 106 370 408 374 105 393 408 398
word 0.94963616 88 214 248 218 87 245 248 248
word 0.95019186 70 706 301 708 69 737 301 739
word 0.75251245 16 82 53 82 17 118 53 117
word 0.6481044 17 253 53 255 16 290 53 291
word 0.62616915 0 942 35 941 0 984 36 983
word 0.8391715 0 769 88 770 0 809 88 810
