word 0.6257511 3002 1055 3176 1055 3000 2086 3176 2086
word 0.8218431 2872 462 3005 470 2866 568 3002 573
word 0.82511467 2826 1077 3089 1071 2828 1139 3089 1131
word 0.8313144 2651 1724 2915 1721 2654 1765 2915 1762
word 0.9430388 2611 916 2959 919 2608 973 2959 976
word 0.93558246 2393 606 3046 611 2390 679 3046 682
word 0.98114413 2263 1166 2524 1172 2260 1226 2524 1229
word 0.93478894 2263 1068 2524 1074 2260 1120 2524 1126
word 0.98762554 2219 913 2524 916 2216 968 2524 971
word 0.9652424 2132 669 3176 682 2129 731 3176 745
word 0.9147632 2086 794 2263 791 2088 843 2263 843
word 0.9657182 1868 2118 2524 2113 1871 2165 2524 2159
word 0.9138153 1868 2061 2741 2061 1871 2107 2741 2107
word 0.9651025 1871 1833 2306 1833 1868 1882 2306 1884
word 0.9809378 1871 2001 2915 2007 1868 2050 2915 2056
word 0.88918704 1871 1887 2959 1895 1868 1939 2959 1947
word 0.8837001 1697 1155 2132 1161 1694 1202 2132 1207
word 0.8188461 1697 897 2132 903 1694 971 2132 976
word 0.8834871 1651 769 2001 767 1653 835 2001 835
word 0.8579728 1653 1819 1827 1819 1651 1882 1827 1884
word 0.78652453 1523 666 2045 682 1520 720 2045 734
word 0.9765648 1305 1049 2132 1058 1302 1098 2132 1107
word 0.91035837 1305 897 1610 903 1302 957 1610 960
word 0.92899984 1305 1128 1656 1161 1300 1185 1653 1218
word 0.97711486 1262 334 2135 364 1256 435 2132 465
word 0.92072403 1218 459 2135 484 1213 563 2132 587
word 0.7220661 1218 1944 1438 1955 1213 2012 1436 2023
word 0.96999687 1172 1893 1479 1884 1175 1971 1479 1966
word 0.86278766 1128 2186 1827 2162 1131 2268 1827 2243
word 0.9253774 1131 652 1436 655 1128 720 1436 720
word 0.89917845 1000 1713 1479 1716 998 1770 1479 1773
word 0.7482591 1000 881 1131 883 998 954 1131 957
word 0.99182653 696 764 1131 775 693 824 1131 835
word 0.7753155 473 1879 870 1868 478 2012 873 2004
word 0.90374166 475 2107 826 2105 478 2200 826 2197
word 0.9309932 478 2001 870 2010 475 2099 870 2107
word 0.87719554 386 10 696 0 391 84 699 59
word 0.83962685 380 84 696 59 391 193 704 168
word 0.9209921 348 875 609 878 345 941 609 943
word 0.93613 348 1128 1000 1139 345 1183 1000 1194
word 0.94793445 348 1019 957 1036 345 1077 957 1093
word 0.9508095 214 1716 739 1708 217 1792 739 1784
word 0.97034216 217 728 565 731 214 805 565 807
