word 0.8952193 1322 312 1430 324 1320 333 1429 346
word 0.89994293 1278 356 1429 356 1280 378 1429 378
word 0.9548008 1214 584 1322 582 1216 604 1322 604
word 0.8528656 1216 258 1365 262 1214 284 1365 288
word 0.9932003 1109 133 1408 141 1108 173 1408 181
word 0.80874306 1088 82 1386 90 1086 124 1386 132
word 0.78463477 1045 344 1173 345 1044 368 1173 369
word 0.8221919 1045 302 1173 304 1044 326 1173 328
word 0.87812996 1045 254 1194 257 1044 281 1194 284
word 0.8396243 1024 149 1197 169 1020 178 1194 198
word 0.98663294 1002 649 1344 661 1001 674 1344 686
word 0.9703342 896 669 1344 685 894 694 1344 710
word 0.9552843 873 646 1002 645 874 669 1002 669
word 0.8234774 873 660 960 660 874 685 960 685
word 0.9681039 874 722 1280 730 873 749 1280 756
word 0.98851216 874 693 1322 709 873 720 1322 736
word 0.9802278 853 240 1002 244 852 276 1002 280
word 0.96604526 830 192 1045 186 832 222 1045 217
word 0.85581905 810 624 1066 626 809 646 1066 649
word 0.8696825 746 137 961 156 744 161 960 180
word 0.90829736 682 241 789 242 681 264 789 264
word 0.73556745 660 356 704 353 661 380 704 377
word 0.9763157 661 22 1025 36 658 64 1024 77
word 0.96203053 661 68 1025 81 658 110 1024 124
word 0.9656521 640 329 1002 334 638 357 1002 362
word 0.8724814 640 286 1002 293 638 312 1002 320
word 0.9407473 617 660 768 656 618 689 768 685
word 0.98478854 618 141 725 142 617 170 725 172
word 0.8733284 576 761 874 770 574 797 874 805
word 0.9458505 533 561 725 564 532 590 725 593
word 0.77078485 490 229 618 234 489 260 618 265
word 0.9632244 338 638 469 636 341 704 470 701
word 0.9278776 317 677 469 673 320 744 470 740
word 0.874866 289 616 469 592 298 681 477 657
word 0.9575008 277 173 597 176 276 197 597 200
word 0.98987776 277 312 513 324 274 338 512 350
word 0.92965233 256 558 448 558 254 585 448 585
word 0.64442074 201 608 256 594 213 657 266 644
