word 0.87414867 1531 32 1585 34 1528 89 1583 90
word 0.6178909 1513 975 1548 975 1512 988 1548 988
word 0.60988873 1478 700 1521 718 1469 721 1513 739
word 0.7306987 1339 444 1583 368 1460 830 1599 754
word 0.8804372 1407 82 1462 84 1404 128 1460 131
word 0.96863425 1371 400 1495 399 1372 425 1495 424
word 0.9226324 1284 310 1460 315 1283 342 1460 346
word 0.95185363 1267 739 1407 739 1266 762 1407 762
word 0.97102135 1161 153 1495 158 1160 186 1495 191
word 0.80884343 1091 389 1214 391 1090 414 1214 415
word 0.9632158 1055 303 1214 305 1054 336 1214 338
word 0.94269687 1020 181 1531 186 1019 215 1531 221
word 0.74584866 967 241 1073 243 966 272 1073 274
word 0.91777253 862 788 1091 793 861 816 1091 820
word 0.9758099 862 819 1284 829 861 846 1284 856
word 0.9771619 862 875 1425 893 861 906 1425 923
word 0.9511145 862 906 1249 919 861 936 1249 948
word 0.9652289 844 939 1214 945 843 969 1214 974
word 0.8239493 809 294 1004 303 807 327 1003 336
word 0.7616368 789 773 862 769 791 804 863 800
word 0.8674011 791 230 950 233 790 261 950 263
word 0.98774534 791 379 1003 383 790 401 1003 406
word 0.94906646 791 184 950 188 790 210 950 213
word 0.8561341 739 87 1020 93 738 131 1020 137
word 0.9254655 720 181 774 180 721 210 774 208
word 0.97735435 614 296 739 294 615 325 739 322
word 0.9267426 580 21 1021 34 578 71 1020 83
word 0.9501262 580 80 722 86 578 128 721 135
word 0.89405423 545 842 651 844 544 872 651 874
word 0.84764326 527 804 686 805 526 840 686 841
word 0.79979306 510 172 668 175 509 203 668 205
word 0.85061073 510 949 862 959 509 982 862 988
word 0.7864787 457 288 510 288 456 320 510 320
word 0.9866743 438 716 580 714 439 747 580 746
word 0.9479535 351 366 475 368 350 395 475 397
word 0.98711795 281 240 492 241 280 263 492 266
word 0.8505465 193 761 351 763 192 813 351 816
word 0.9798399 174 822 369 820 175 877 369 875
word 0.9599443 174 795 369 793 175 845 369 843
word 0.86258566 173 862 369 857 175 932 370 929
word 0.9562908 139 285 263 285 140 317 263 317
word 0.9273007 105 369 334 370 104 391 334 392
word 0.9778588 87 702 299 703 86 732 299 732
word 0.9453866 70 216 246 217 69 249 246 251
word 0.7905735 49 883 87 879 52 934 90 932
word 0.869545 0 558 35 558 0 578 35 578
word 0.8715221 0 768 87 767 0 805 87 802
