word 0.6084781 3597 1689 3710 1702 3587 1759 3703 1772
word 0.89328146 3329 195 3544 195 3333 304 3544 300
word 0.9213036 3280 879 3706 909 3273 942 3703 972
word 0.85660005 3068 750 3544 753 3065 820 3544 823
word 0.8820502 3012 1742 3386 1735 3015 1805 3386 1798
word 0.6235311 3544 833 3964 1438 2929 1716 3809 2321
word 0.9289557 2747 383 3650 370 2751 469 3650 456
word 0.99026436 2536 902 2856 902 2539 965 2856 965
word 0.92957455 2539 760 2909 760 2536 829 2909 829
word 0.9010703 2430 476 2909 472 2433 552 2909 548
word 0.83348835 2222 572 2486 575 2218 644 2486 644
word 0.95470834 2063 2119 3438 2126 2060 2185 3438 2192
word 0.9636435 2063 2195 3333 2198 2060 2261 3333 2268
word 0.8617595 2007 1970 3121 1970 2010 2043 3121 2043
word 0.95669585 2010 2033 3491 2040 2007 2116 3491 2122
word 0.96535355 1901 767 2380 763 1904 856 2380 853
word 0.9578486 1848 601 2222 598 1851 694 2222 687
word 0.9825544 1848 1907 2592 1894 1851 1977 2592 1964
word 0.8971767 1795 915 2380 909 1798 968 2380 965
word 0.91063225 1587 469 2063 479 1583 535 2063 545
word 0.97169834 1425 790 1745 790 1428 859 1745 856
word 0.9578775 1319 284 2380 261 1322 400 2380 380
word 0.90850097 1319 919 1693 912 1322 998 1693 991
word 0.9612249 1319 155 2380 132 1322 257 2380 234
word 0.90912807 1269 2000 1640 2003 1266 2093 1640 2096
word 0.973588 1216 505 1534 505 1213 581 1534 581
word 0.9741115 1216 2337 2063 2347 1213 2443 2063 2453
word 0.84385043 949 1749 1693 1745 952 1828 1693 1825
word 0.85330534 899 793 1216 793 896 869 1216 869
word 0.8722628 522 1924 793 1914 529 2026 796 2017
word 0.89066994 469 2189 899 2175 476 2311 902 2298
word 0.9513855 476 1964 899 1970 472 2103 899 2109
word 0.9045834 419 2060 899 2060 423 2192 899 2192
word 0.9559156 367 800 634 796 370 882 634 876
word 0.95678395 208 651 1111 638 211 714 1111 701
word 0.9105828 208 949 1111 939 211 1018 1111 1008
word 0.8949153 211 1765 740 1769 208 1835 740 1841
