word 0.6946313 3759 645 3924 645 3763 725 3924 722
word 0.6621244 3709 1864 3820 1874 3702 1928 3816 1942
word 0.9581391 3598 151 3763 144 3601 252 3763 248
word 0.97419 3440 504 3601 507 3437 614 3601 618
word 0.8429117 3329 1186 3763 1165 3333 1249 3763 1233
word 0.8910334 3168 1021 3601 1021 3171 1098 3601 1098
word 0.89440304 3168 1952 3494 1948 3171 2005 3494 2002
word 0.6974567 3060 288 3440 278 3064 352 3440 342
word 0.6399759 2849 792 3118 792 2845 853 3118 856
word 0.9496804 2741 1034 3064 1034 2738 1095 3064 1095
word 0.8604812 2684 1196 3010 1196 2688 1260 3010 1256
word 0.9356631 2570 762 3655 651 2580 860 3662 749
word 0.9617836 2254 2486 3548 2432 2257 2556 3548 2503
word 0.96431315 2254 2200 3440 2157 2257 2278 3440 2231
word 0.9615805 2150 1038 2580 1038 2147 1122 2580 1125
word 0.93072283 2150 0 2741 0 2147 77 2741 87
word 0.981828 2093 903 2580 890 2096 974 2580 960
word 0.92448944 2039 1216 2526 1212 2042 1270 2526 1266
word 0.9696203 1774 43 2748 100 1764 171 2741 231
word 0.96532845 1663 1065 1989 1061 1666 1135 1989 1135
word 0.9662048 1612 245 2204 268 1609 325 2204 349
word 0.91449165 1555 1226 1935 1219 1559 1300 1935 1290
word 0.950671 1555 2247 1935 2247 1559 2331 1935 2328
word 0.98380166 1555 446 2580 443 1559 561 2580 554
word 0.97992676 1555 581 2580 571 1559 688 2580 678
word 0.76425743 1555 2308 1720 2301 1559 2395 1720 2388
word 0.9605336 1498 2587 2365 2543 1505 2691 2368 2651
word 0.96308506 1448 796 2472 782 1451 866 2472 850
word 0.94843185 1233 2032 1612 2022 1236 2116 1612 2106
word 0.7831138 1236 70 1562 77 1229 245 1559 255
word 0.9158068 1125 1058 1451 1055 1128 1159 1451 1155
word 0.90886915 745 2452 1182 2439 752 2604 1186 2590
word 0.92906415 752 2200 1182 2204 749 2358 1182 2362
word 0.8632258 685 2321 1236 2288 698 2493 1246 2456
word 0.9308611 591 252 1350 329 581 325 1344 403
word 0.7652339 534 1071 913 1071 537 1162 913 1162
word 0.94963527 426 1249 1290 1239 430 1313 1290 1303
word 0.8838139 423 2066 1021 2039 430 2153 1024 2123
word 0.8901618 376 917 1344 947 372 987 1344 1018
word 0.92705345 50 880 161 880 53 927 161 927
word 0.7615708 53 910 164 920 47 971 161 981
word 0.6288856 53 934 168 944 43 1028 161 1038
