word 0.6177341 1173 500 1211 499 1177 609 1214 608
word 0.9137614 1108 139 1143 138 1109 172 1143 171
word 0.8186243 1091 352 1211 352 1092 371 1211 371
word 0.9518563 1040 601 1143 600 1041 619 1143 618
word 0.9468672 1024 300 1160 301 1022 327 1160 328
word 0.9601172 921 194 1194 196 920 226 1194 228
word 0.85719216 870 355 989 355 869 378 989 378
word 0.9752024 870 305 989 306 869 327 989 328
word 0.84717894 836 213 973 218 834 242 972 247
word 0.95680314 802 256 853 258 801 277 853 278
word 0.911229 732 770 1024 762 733 794 1024 786
word 0.9610552 732 702 1160 690 733 726 1160 713
word 0.9576018 732 726 1160 711 733 749 1160 734
word 0.9630904 732 682 1058 672 733 705 1058 695
word 0.96599174 682 306 819 306 681 334 819 334
word 0.895006 664 258 785 254 665 284 785 281
word 0.9354659 596 221 785 218 597 244 785 241
word 0.909949 529 311 631 311 528 330 631 330
word 0.8099421 510 387 546 387 512 417 546 417
word 0.95300466 493 152 819 150 494 187 819 184
word 0.9338403 493 366 836 355 494 389 836 378
word 0.9432788 494 107 836 108 493 142 836 144
word 0.9318903 494 715 580 717 493 742 580 744
word 0.8783933 476 693 614 689 477 725 614 721
word 0.8959842 458 806 733 795 460 838 734 827
word 0.97284746 460 220 563 221 459 245 563 246
word 0.9759332 408 625 563 621 409 657 563 653
word 0.7380066 409 308 443 309 408 336 443 337
word 0.78834546 304 699 341 697 307 753 343 750
word 0.8952258 204 699 307 701 203 739 307 741
word 0.81106865 185 676 341 669 187 718 342 712
word 0.94489807 187 724 342 732 185 759 341 768
word 0.8444231 170 309 273 310 169 336 273 336
word 0.9827566 135 371 375 371 136 394 375 393
word 0.93414694 118 632 307 629 119 659 307 657
word 0.9234941 102 256 238 258 101 282 238 284
