word 0.78539634 2736 1041 2828 1033 2741 1085 2831 1077
word 0.8551529 2567 563 2698 565 2564 636 2698 639
word 0.95414925 2480 405 2611 405 2477 448 2611 448
word 0.80898607 2437 1074 2654 1074 2434 1115 2654 1115
word 0.8861505 2390 943 2698 935 2393 987 2698 979
word 0.9213097 2347 1640 2611 1640 2350 1686 2611 1686
word 0.94863474 2129 699 2741 682 2132 758 2741 742
word 0.98240834 2042 946 2306 943 2045 992 2306 990
word 0.95566607 1955 758 2698 739 1958 802 2698 783
word 0.9734511 1955 1082 2219 1077 1958 1136 2219 1134
word 0.97999245 1819 247 2306 206 1827 312 2311 271
word 0.9423296 1651 1925 2654 1898 1653 1980 2654 1952
word 0.9376377 1651 1982 2654 1952 1653 2034 2654 2004
word 0.9658563 1651 1819 2393 1808 1653 1868 2393 1860
word 0.97161645 1607 951 1958 949 1610 1009 1958 1006
word 0.93487215 1610 1751 2045 1770 1607 1806 2045 1825
word 0.9382752 1566 835 1914 845 1563 900 1914 911
word 0.96949196 1262 960 1523 960 1259 1009 1523 1011
word 0.9651885 1215 524 1914 522 1218 601 1914 601
word 0.89848137 1215 617 1914 609 1218 696 1914 690
word 0.86514854 1128 1838 1479 1827 1131 1903 1479 1893
word 0.9253005 1128 769 1871 767 1131 824 1871 818
word 0.93087053 1128 399 1871 383 1131 478 1871 462
word 0.9813203 1128 1104 1871 1085 1131 1150 1871 1131
word 0.9392051 1126 2083 1784 2056 1131 2175 1787 2148
word 0.7936595 1087 1909 1262 1914 1085 1969 1262 1971
word 0.9544535 954 291 1479 274 957 375 1479 359
word 0.9793897 911 1694 1262 1686 913 1754 1262 1746
word 0.7427755 867 968 1131 965 870 1019 1131 1019
word 0.8404776 516 1765 826 1757 522 1890 829 1882
word 0.80527484 522 1857 875 1876 514 1993 870 2015
word 0.9169466 475 965 696 962 478 1028 696 1025
word 0.9770519 345 1691 783 1680 348 1759 783 1751
word 0.9204178 348 854 960 897 342 905 957 949
word 0.8385388 301 1120 826 1115 304 1161 826 1158
word 0.88425094 252 337 826 288 261 416 832 367
word 0.6643392 27 1893 348 1808 87 2113 405 2031
word 0.6709913 87 1033 176 1036 81 1096 174 1101
word 0.890602 0 609 174 611 0 663 174 663
word 0.76477623 0 688 353 728 0 753 348 794
