word 0.60502315 2792 3588 2903 3585 2795 3648 2903 3645
word 0.84091204 2738 2352 2903 2352 2741 2415 2903 2415
word 0.7130164 2738 974 2849 967 2741 1028 2849 1021
word 0.8991062 2627 302 2741 295 2634 403 2745 396
word 0.92730004 2627 880 2956 853 2634 934 2960 903
word 0.8267341 2415 735 2741 729 2419 789 2741 786
word 0.86119616 2419 1488 2688 1488 2415 1538 2688 1538
word 0.6512337 2362 2281 2580 2278 2365 2331 2580 2328
word 0.7184329 2254 453 2419 446 2257 507 2419 504
word 0.814963 2039 732 2311 732 2042 786 2311 786
word 0.90520704 2039 866 2311 866 2042 927 2311 924
word 0.86691886 2039 957 2311 957 2042 1024 2311 1024
word 0.83289564 1985 493 2956 460 1989 561 2956 527
word 0.8357761 1985 3279 2580 3279 1989 3343 2580 3339
word 0.94437796 1989 2348 2580 2348 1985 2405 2580 2405
word 0.8390668 1878 2782 2257 2778 1881 2835 2257 2832
word 0.8718811 1881 2190 2634 2214 1878 2254 2634 2281
word 0.96529275 1716 1673 2741 1663 1720 1727 2741 1716
word 0.9322997 1716 1784 2741 1784 1720 1837 2741 1837
word 0.8614794 1720 3444 2526 3447 1716 3511 2526 3517
word 0.86345977 1663 1841 2741 1837 1666 1891 2741 1888
word 0.8704981 1663 3531 2257 3528 1666 3635 2257 3632
word 0.9325219 1609 2624 2526 2607 1612 2688 2526 2671
word 0.8562506 1609 2526 2526 2516 1612 2587 2526 2577
word 0.9334227 1612 2560 2526 2563 1609 2624 2526 2627
word 0.9530374 1612 2469 2526 2476 1609 2533 2526 2540
word 0.61647445 1559 712 1881 722 1555 776 1881 786
word 0.8333304 1505 950 1935 954 1501 1001 1935 1004
word 0.9285528 1505 1606 2096 1616 1501 1663 2096 1673
word 0.72773343 1505 608 1989 618 1501 658 1989 672
word 0.81597656 1451 3615 2261 3652 1444 3709 2257 3746
word 0.9075107 1397 3437 1612 3437 1394 3497 1612 3497
word 0.91310567 1340 2798 1774 2778 1344 2856 1774 2839
word 0.86151856 1128 329 1935 332 1125 423 1935 426
word 0.9160618 1128 228 1935 231 1125 322 1935 325
word 0.9333957 1128 950 1451 954 1125 1014 1451 1018
word 0.9298404 1128 2795 1290 2798 1125 2862 1290 2862
word 0.87664807 1075 1673 1344 1673 1071 1733 1344 1733
word 0.79165566 1075 1723 1290 1727 1071 1784 1290 1787
word 0.6951135 1075 507 1236 517 1071 557 1236 564
word 0.91034216 1018 1938 1720 1932 1021 2005 1720 1999
word 0.82767063 964 3632 1182 3628 967 3699 1182 3692
word 0.87777746 856 3514 1559 3511 860 3564 1559 3561
word 0.8915479 860 1491 1344 1495 856 1562 1344 1562
word 0.6824947 591 618 967 618 588 661 967 661
word 0.89218915 480 3400 2634 3360 483 3460 2634 3420
word 0.6326513 483 2483 698 2489 480 2533 698 2540
word 0.64442056 426 2318 698 2315 430 2402 698 2395
word 0.8117037 430 2402 1075 2402 426 2446 1075 2449
word 0.7737072 372 1807 698 1797 376 1915 698 1905
word 0.80269414 376 1703 645 1710 372 1800 645 1804
word 0.6457362 376 1579 712 1619 359 1703 698 1743
word 0.6794768 319 715 537 712 322 786 537 782
word 0.8144737 322 3581 1075 3588 319 3632 1075 3642
word 0.68922764 322 3309 591 3312 319 3380 591 3383
word 0.64821 322 3491 540 3504 315 3548 537 3561
word 0.82531893 265 3464 1236 3450 268 3514 1236 3504
word 0.8836134 268 950 860 954 265 1004 860 1004
word 0.72423905 268 3534 1021 3534 265 3588 1021 3588
word 0.8770516 268 853 860 853 265 913 860 913
word 0.833516 268 2671 537 2677 265 2724 537 2731
word 0.91995627 211 1485 645 1485 215 1552 645 1548
word 0.80748194 211 3655 537 3645 215 3722 537 3716
word 0.8993749 157 2543 1290 2533 161 2600 1290 2590
word 0.8748288 157 2815 806 2805 161 2866 806 2859
word 0.67125 157 2224 913 2214 161 2288 913 2281
word 0.8353736 157 601 537 598 161 661 537 661
word 0.8699515 104 2751 1290 2724 107 2812 1290 2785
