word 0.68540394 1492 478 1528 477 1493 512 1528 511
word 0.788187 1493 984 1546 984 1492 998 1546 998
word 0.75238776 1475 756 1512 758 1473 781 1511 784
word 0.69758826 1268 546 1564 388 1457 897 1598 738
word 0.89778876 1422 134 1476 135 1420 182 1475 184
word 0.88776124 1367 438 1546 434 1368 468 1546 464
word 0.9813173 1297 356 1458 362 1295 392 1457 397
word 0.9814472 1297 217 1530 227 1295 254 1528 264
word 0.9588804 1262 773 1404 774 1261 801 1404 803
word 0.98060846 1172 201 1511 200 1173 238 1511 237
word 0.985209 1084 420 1208 423 1083 445 1208 448
word 0.96416503 1066 343 1226 346 1065 378 1226 382
word 0.90997225 1031 221 1173 223 1030 256 1173 260
word 0.97968096 995 270 1048 271 994 298 1048 300
word 0.8876131 853 964 1226 980 852 990 1226 998
word 0.9670084 853 866 1245 890 851 897 1244 921
word 0.98648643 853 837 1387 868 851 870 1386 901
word 0.9909662 853 926 1405 960 851 960 1404 992
word 0.97931343 853 896 1423 931 851 928 1422 964
word 0.8890076 817 326 1013 331 816 363 1013 367
word 0.7288206 817 212 924 215 816 234 924 237
word 0.9377133 800 257 961 265 797 292 960 298
word 0.9410086 782 801 1085 821 780 832 1084 851
word 0.9280362 746 106 963 123 742 156 960 173
word 0.81427014 711 204 782 205 710 230 782 231
word 0.9386345 622 321 746 322 621 346 746 348
word 0.98062617 586 390 1013 405 585 417 1013 433
word 0.70713735 586 417 641 421 584 451 640 454
word 0.9662051 586 103 731 110 583 154 728 161
word 0.9156633 586 45 1033 67 583 96 1031 120
word 0.9800275 550 858 640 857 551 888 640 888
word 0.95364904 533 825 675 828 532 862 675 865
word 0.91279405 533 196 675 201 532 225 675 230
word 0.916644 480 973 835 980 478 995 835 998
word 0.7765138 462 306 515 308 461 340 515 342
word 0.95455396 444 727 623 734 442 760 622 766
word 0.94553494 391 303 428 307 387 335 426 340
word 0.9743569 300 813 355 812 302 864 356 862
word 0.9164534 284 248 497 255 283 274 497 281
word 0.9530393 195 795 380 851 170 876 355 933
word 0.8572511 156 771 355 762 160 831 357 822
word 0.8431298 160 832 217 836 154 912 213 916
word 0.8124305 142 300 284 301 141 331 284 332
word 0.8603487 124 372 408 382 123 398 408 407
word 0.9594915 88 230 248 232 87 258 248 261
word 0.9828961 88 713 302 716 87 744 302 748
word 0.77173775 0 225 53 226 0 247 53 248
word 0.8664767 0 563 53 558 0 590 55 585
word 0.740163 0 774 88 775 0 811 88 812
