word 0.7066577 5307 89 5506 78 5319 238 5514 222
word 0.8660195 5190 1474 5319 1470 5193 1595 5319 1591
word 0.76295066 5193 2460 5323 2467 5186 2557 5319 2565
word 0.9598804 5006 586 5193 586 5002 707 5193 707
word 0.8038861 4931 1353 5506 1298 4943 1454 5514 1396
word 0.6137595 5131 1439 5530 1517 4920 2796 5444 2874
word 0.94085026 4881 273 5068 277 4877 445 5068 445
word 0.9656183 4443 1071 5068 1087 4439 1188 5068 1204
word 0.93002146 4376 2546 4693 2542 4380 2632 4693 2628
word 0.7988656 3688 1341 4192 1337 3692 1423 4192 1419
word 0.87073886 3692 1067 4255 1079 3688 1169 4255 1181
word 0.98212916 3551 645 5006 500 3566 770 5017 625
word 0.8748236 3316 829 3629 836 3312 926 3629 934
word 0.9844537 3003 2960 4004 2968 2999 3070 4004 3078
word 0.9112334 3003 3081 4255 3089 2999 3164 4255 3175
word 0.9745985 3003 2851 5006 2870 2999 2964 5006 2984
word 0.9650186 2815 1055 3441 1067 2812 1161 3441 1173
word 0.95060664 2753 821 3254 825 2749 930 3254 934
word 0.9649977 2686 1329 3441 1325 2690 1396 3441 1396
word 0.90465367 2690 2745 3754 2757 2686 2839 3754 2855
word 0.8317978 2690 653 3316 668 2686 727 3316 743
word 0.8499541 2377 645 2628 649 2374 731 2628 735
word 0.94641536 2123 1067 2565 1059 2127 1157 2565 1149
word 0.9594243 2002 97 3504 117 1998 265 3504 281
word 0.89244 1939 1321 2565 1321 1935 1407 2565 1407
word 0.9225298 1873 2968 2127 2960 1877 3089 2127 3081
word 0.8617629 1877 2855 2377 2862 1873 2976 2377 2988
word 0.94899166 1814 641 2252 641 1810 739 2252 739
word 0.9203472 1752 3375 3003 3375 1748 3488 3003 3488
word 0.83030176 1564 1028 1756 1040 1556 1149 1752 1157
word 0.9809144 1497 2546 1752 2542 1501 2632 1752 2628
word 0.65954846 1310 1032 1501 1028 1314 1153 1501 1149
word 0.95531696 1052 2835 1314 2819 1063 2988 1321 2972
word 0.9797585 750 2675 1251 2683 747 2874 1251 2882
word 0.8506917 750 3124 1005 3136 743 3254 1001 3269
word 0.9567382 684 2839 1063 2831 688 3136 1063 3132
word 0.9658112 496 1032 938 1024 500 1145 938 1142
word 0.8717708 312 1318 1439 1321 308 1400 1439 1400
word 0.8892443 250 2503 1063 2507 246 2600 1063 2608
word 0.9654735 250 790 813 805 246 903 813 919
word 0.8280287 0 2718 312 2714 0 2866 312 2859
