word 0.8215517 2508 277 2581 273 2512 316 2583 311
word 0.6862089 2159 952 2478 862 2374 1703 2589 1613
word 0.77983296 2374 1430 2443 1432 2372 1469 2443 1471
word 0.757954 2235 899 2409 894 2237 937 2409 933
word 0.7629262 2237 307 2376 314 2232 387 2374 393
word 0.79215777 2133 985 2409 995 2131 1030 2409 1041
word 0.873905 1996 724 2340 731 1994 785 2340 791
word 0.97568953 1961 1471 2202 1479 1959 1518 2202 1527
word 0.94369686 1787 456 2409 453 1789 516 2409 514
word 0.9431319 1789 1800 1998 1811 1785 1865 1996 1875
word 0.965276 1789 1699 2241 1740 1783 1766 2237 1806
word 0.93458426 1617 724 1892 727 1615 772 1892 774
word 0.815065 1617 879 1858 884 1615 918 1858 922
word 0.9006404 1617 961 1858 967 1615 1004 1858 1011
word 0.9602069 1546 524 2443 518 1548 570 2443 563
word 0.6101302 1374 537 1445 533 1376 567 1445 565
word 0.9687783 1273 1654 2239 1690 1269 1712 2237 1748
word 0.89210755 1273 1503 1654 1529 1269 1559 1652 1583
word 0.9818273 1273 1591 1759 1641 1267 1652 1755 1701
word 0.96254444 1273 1544 2241 1652 1267 1600 2237 1707
word 0.9778381 1273 1682 2243 1802 1264 1742 2237 1862
word 0.7267274 1202 533 1307 529 1204 578 1307 574
word 0.957828 1204 714 1514 718 1202 776 1514 778
word 0.9022345 1168 1460 1307 1460 1170 1518 1307 1518
word 0.84480464 1170 602 1619 638 1165 649 1617 686
word 0.92123 1032 537 1135 537 1030 578 1135 580
word 0.8596581 894 716 1135 718 892 761 1135 763
word 0.96388036 858 281 1548 268 860 354 1548 342
word 0.89556855 858 378 1548 363 860 453 1548 438
word 0.94727707 826 1574 929 1576 823 1619 929 1621
word 0.92493075 826 845 1514 862 823 888 1514 905
word 0.8839998 826 929 1514 948 823 967 1514 987
word 0.8404063 791 1484 1103 1499 787 1550 1101 1566
word 0.83409566 757 522 998 531 755 570 998 578
word 0.9473617 757 1699 1794 1776 750 1770 1789 1847
word 0.8710204 619 1361 998 1370 617 1417 998 1428
word 0.63524956 550 694 791 701 548 757 791 763
word 0.84449714 413 638 722 643 410 675 722 679
word 0.9235542 413 1884 791 1890 410 1929 791 1933
word 0.8143139 238 696 447 692 240 748 447 744
word 0.7501586 204 1720 378 1716 206 1778 378 1774
word 0.910318 172 828 653 838 169 864 653 875
word 0.95373124 172 1305 481 1312 169 1353 481 1359
word 0.84079033 172 903 585 922 169 940 585 957
word 0.82426727 172 589 415 602 167 636 413 649
word 0.6502198 68 1877 139 1882 64 1931 137 1933
