word 0.89923716 1237 715 1274 713 1240 764 1276 763
word 0.97092026 1036 782 1206 784 1035 868 1206 871
word 0.82316756 1018 551 1087 550 1019 586 1087 585
word 0.83472794 1000 866 1172 863 1002 940 1173 936
word 0.7965888 1002 511 1089 517 999 552 1087 557
word 0.8676987 985 435 1089 440 982 488 1087 493
word 0.7449102 883 871 917 872 882 901 917 901
word 0.90973747 861 670 951 662 866 721 956 713
word 0.93601245 861 364 1155 344 866 434 1159 415
word 0.86014175 866 792 917 792 865 822 917 822
word 0.863897 820 451 934 422 832 498 946 469
word 0.8450716 832 215 886 218 828 270 883 275
word 0.82020986 832 864 899 907 798 918 866 954
word 0.8497764 747 210 838 215 741 310 832 316
word 0.6460551 709 617 764 611 713 656 767 651
word 0.7851919 674 220 730 208 696 318 752 304
word 0.6111024 678 706 917 705 679 758 917 758
word 0.93838304 676 367 815 360 679 428 817 420
word 0.77846783 662 587 719 593 656 641 713 646
word 0.8811051 628 249 696 249 627 303 696 304
word 0.86343104 611 140 926 176 602 216 917 252
word 0.9405077 560 296 970 315 557 364 968 383
word 0.84625775 492 129 611 162 474 192 594 225
word 0.90812683 439 241 492 237 441 272 493 270
word 0.89475465 405 892 475 890 407 953 476 951
word 0.7692163 407 414 554 437 396 483 543 506
word 0.6950057 390 203 493 207 388 239 492 243
word 0.77835256 356 54 468 75 346 103 458 124
word 0.8507104 316 137 492 112 322 181 498 157
word 0.9480418 298 162 458 146 305 228 465 212
word 0.66158473 254 562 288 562 253 583 288 584
word 0.89088106 232 439 356 431 237 504 361 496
word 0.8999777 237 838 722 896 228 909 713 954
word 0.9392977 202 755 254 755 203 788 254 787
