word 0.89539886 1022 248 1075 247 1024 280 1075 279
word 0.77384484 988 438 1075 436 989 453 1075 451
word 0.93479794 955 386 1075 386 954 406 1075 407
word 0.94294554 938 646 1041 647 937 667 1041 667
word 0.944948 870 292 1075 294 869 312 1075 313
word 0.78872794 819 380 921 387 818 396 921 403
word 0.96280783 801 310 1075 307 802 330 1075 327
word 0.87893575 801 432 904 430 802 448 904 448
word 0.8667925 681 709 955 709 682 728 955 727
word 0.85190374 682 790 921 790 681 806 921 806
word 0.9896062 682 769 955 770 681 788 955 789
word 0.9718583 682 726 1041 728 681 744 1041 747
word 0.9694092 682 744 1058 748 681 764 1058 770
word 0.9669202 665 376 785 379 664 397 785 401
word 0.96226037 648 333 803 342 646 356 802 364
word 0.89556473 614 424 768 426 613 443 768 445
word 0.87643987 529 373 631 375 528 394 631 396
word 0.90003 512 238 802 247 510 273 802 281
word 0.89852506 512 204 803 213 509 237 802 247
word 0.96522236 494 421 597 421 493 444 597 444
word 0.9491623 476 732 563 731 477 755 563 754
word 0.7856192 476 704 597 700 477 731 597 728
word 0.9100702 477 297 750 309 476 317 750 329
word 0.8867712 459 801 699 796 460 830 699 826
word 0.6382059 392 363 478 368 390 389 477 393
word 0.88779676 341 420 426 420 340 439 426 440
word 0.95804065 307 334 443 337 306 352 443 355
word 0.68283355 278 757 375 730 290 795 386 770
word 0.8616106 237 743 290 743 238 775 290 775
word 0.9113836 238 670 358 670 237 712 358 712
word 0.82539624 238 361 324 363 237 385 324 387
word 0.8884485 220 702 375 699 221 754 375 750
word 0.9591395 187 317 307 321 186 342 307 345
word 0.87183523 170 634 341 634 169 659 341 659
word 0.74453014 170 413 324 418 169 432 324 436
