word 0.8688849 3867 1861 3978 1861 3870 1921 3978 1918
word 0.926797 3648 1270 3870 1246 3655 1320 3874 1300
word 0.7778915 3491 1149 3924 1149 3494 1202 3924 1202
word 0.9378125 3494 517 3655 520 3491 624 3655 624
word 0.9903528 3383 1925 3709 1921 3386 1999 3709 1992
word 0.8761726 3279 997 3709 1001 3276 1068 3709 1068
word 0.93695503 2953 685 3763 672 2956 782 3763 769
word 0.826173 2956 2701 3279 2701 2953 2748 3279 2748
word 0.8576352 2849 1270 3171 1273 2845 1337 3171 1340
word 0.9826563 2792 1008 3171 1004 2795 1075 3171 1075
word 0.8823068 2795 1162 3118 1162 2792 1223 3118 1223
word 0.76739776 2684 762 3064 759 2688 826 3064 823
word 0.77555215 2630 2711 2741 2708 2634 2802 2741 2798
word 0.985625 2415 2257 3816 2220 2419 2338 3816 2301
word 0.93445635 2415 2496 3333 2476 2419 2563 3333 2540
word 0.9633121 2415 2331 3816 2301 2419 2409 3816 2378
word 0.96883035 2415 2184 3816 2150 2419 2261 3816 2227
word 0.92768794 2200 2110 2956 2103 2204 2177 2956 2173
word 0.8936984 2204 1011 2688 1011 2200 1092 2688 1092
word 0.77706736 2147 2960 2526 2956 2150 3020 2526 3020
word 0.8411392 2147 873 2741 863 2150 944 2741 934
word 0.95716333 2147 1283 2688 1270 2150 1350 2688 1337
word 0.77860576 2150 776 2526 776 2147 826 2526 826
word 0.9422445 1932 776 2096 772 1935 826 2096 823
word 0.76543146 1720 1028 2096 1031 1716 1088 2096 1088
word 0.9428519 1663 1186 2688 1155 1666 1253 2688 1223
word 0.98359996 1663 567 2634 564 1666 678 2634 675
word 0.99297976 1663 453 2634 450 1666 561 2634 557
word 0.94266194 1666 1290 2096 1296 1663 1360 2096 1367
word 0.76428103 1606 2284 1827 2271 1612 2385 1831 2375
word 0.8016001 1606 2220 1881 2210 1612 2321 1884 2311
word 0.8901215 1555 2597 2472 2570 1559 2708 2472 2681
word 0.7966876 1559 769 1827 779 1555 833 1827 843
word 0.96593404 1340 1989 1827 1982 1344 2066 1827 2056
word 0.83137226 843 2805 1397 2768 860 3000 1411 2963
word 0.77397686 860 2133 1223 2237 816 2278 1182 2385
word 0.8231248 641 2214 860 2210 645 2372 860 2368
word 0.8998713 641 1028 967 1024 645 1105 967 1105
word 0.9293972 534 1196 1290 1192 537 1256 1290 1256
word 0.78613144 534 1320 1290 1310 537 1380 1290 1370
word 0.89768445 480 2009 1075 1989 483 2100 1075 2079
word 0.72627556 265 1669 376 1666 268 1730 376 1730
