word 0.87252414 1563 87 1598 88 1561 139 1598 140
word 0.89159775 1422 132 1475 133 1421 180 1475 181
word 0.81290627 1404 239 1528 234 1405 265 1528 261
word 0.81219214 1457 435 1598 463 1390 865 1563 891
word 0.8910428 1368 439 1528 435 1370 467 1528 464
word 0.95138204 1282 351 1457 355 1281 389 1457 394
word 0.98428524 1264 770 1387 771 1263 795 1387 798
word 0.92136663 1159 192 1495 214 1155 226 1492 248
word 0.84078085 1071 420 1211 422 1070 445 1211 448
word 0.8556658 1053 337 1229 341 1052 371 1229 375
word 0.9824167 1036 216 1405 226 1035 249 1405 260
word 0.9336909 983 273 1071 273 982 305 1071 305
word 0.9528256 966 127 1018 128 964 167 1018 167
word 0.9722913 860 926 1230 946 858 957 1229 977
word 0.9916591 860 896 1406 927 858 928 1405 959
word 0.62545216 843 968 930 969 841 986 930 986
word 0.98039657 825 321 1001 327 824 357 1001 362
word 0.6892851 807 207 967 216 805 234 966 244
word 0.86666715 790 254 949 260 788 288 948 294
word 0.84471095 771 791 843 789 772 820 843 818
word 0.73443776 719 201 790 200 720 234 790 233
word 0.9237534 614 316 737 317 613 342 737 343
word 0.96085984 597 43 721 48 594 91 720 95
word 0.9658351 579 393 1001 407 578 421 1001 435
word 0.8561112 579 99 950 119 576 149 948 169
word 0.80089265 544 857 649 859 543 888 649 890
word 0.9041712 526 816 685 821 525 851 685 856
word 0.8853736 526 191 668 198 524 221 667 228
word 0.9578185 491 961 825 969 490 983 825 986
word 0.6912966 455 302 509 301 456 337 509 337
word 0.98607457 439 727 737 735 438 760 737 768
word 0.76914304 351 385 421 386 350 410 421 410
word 0.97337747 298 256 509 261 297 281 509 285
word 0.9058014 192 859 368 858 193 913 368 912
word 0.9197318 193 750 368 753 192 810 368 812
word 0.96554697 174 805 368 804 175 862 368 861
word 0.97611874 158 293 281 295 156 326 281 327
word 0.96757895 105 375 333 382 104 403 333 410
word 0.94695926 87 702 316 709 86 735 316 742
word 0.9051941 70 226 263 228 69 256 263 259
word 0.8030155 48 866 87 863 52 942 91 940
word 0.7787418 15 765 87 761 17 805 88 802
