word 0.824637 3002 1417 3092 1422 2997 1460 3089 1468
word 0.9353123 2872 252 3002 252 2869 339 3002 339
word 0.819527 2872 856 3046 859 2869 897 3046 900
word 0.8540414 2782 1052 3089 1041 2785 1098 3089 1090
word 0.92849225 2785 946 3046 951 2782 998 3046 1006
word 0.981247 2608 1482 2872 1479 2611 1534 2872 1531
word 0.9170029 2611 704 2959 704 2608 758 2959 758
word 0.95596725 2390 410 3002 391 2393 473 3002 454
word 0.90265936 2216 709 2524 709 2219 756 2524 753
word 0.970356 2219 859 2480 859 2216 916 2480 919
word 0.9739665 2219 1055 2437 1058 2216 1101 2437 1101
word 0.8309043 2219 960 2480 962 2216 1011 2480 1014
word 0.6804637 2219 2382 2309 2388 2214 2445 2306 2445
word 0.9089551 2086 478 3089 448 2088 538 3089 508
word 0.8825163 2042 2178 2524 2173 2045 2314 2524 2306
word 0.9877404 1947 2379 2524 2309 1958 2445 2532 2385
word 0.94670504 1868 1841 2915 1835 1871 1893 2915 1887
word 0.8850596 1825 1727 2828 1705 1827 1781 2828 1762
word 0.96252567 1825 1895 2567 1893 1827 1958 2567 1955
word 0.94777447 1825 1670 2872 1659 1827 1719 2872 1708
word 0.98054093 1825 1776 2959 1773 1827 1838 2959 1833
word 0.8933632 1740 712 2088 712 1738 772 2088 772
word 0.9684023 1697 1599 2306 1610 1694 1653 2306 1667
word 0.9797161 1651 862 2088 856 1653 919 2088 911
word 0.94219726 1651 1060 2045 1058 1653 1101 2045 1098
word 0.9148998 1653 579 2175 590 1651 650 2175 658
word 0.7791622 1476 505 2001 497 1479 554 2001 546
word 0.8266751 1346 720 1610 720 1349 767 1610 767
word 0.94823 1302 2048 2132 2034 1305 2135 2132 2121
word 0.87151575 1259 1740 1436 1740 1262 1811 1436 1811
word 0.95176554 1259 962 2088 957 1262 1019 2088 1014
word 0.9820757 1262 859 1610 864 1259 919 1610 924
word 0.9241923 1262 187 2132 193 1259 280 2132 288
word 0.9446268 1262 1039 1566 1049 1259 1112 1566 1123
word 0.8230196 1215 1670 1523 1667 1218 1740 1523 1738
word 0.93120176 1169 1955 1871 1928 1175 2037 1874 2010
word 0.955846 1175 470 1436 481 1172 541 1436 549
word 0.8257216 1044 699 1131 699 1041 767 1131 769
word 0.96944046 998 1512 1610 1498 1000 1585 1610 1574
word 0.95037746 652 601 1131 609 650 655 1131 663
word 0.8496054 563 1825 913 1816 565 1939 913 1931
word 0.9540258 565 1602 957 1607 563 1732 957 1738
word 0.88154423 519 1694 957 1686 522 1833 957 1825
word 0.8343768 391 682 696 685 388 753 696 756
word 0.9849875 301 1509 783 1501 304 1588 783 1583
word 0.8285632 301 1071 1000 1068 304 1120 1000 1115
word 0.91955125 304 962 957 965 301 1014 957 1017
word 0.9528209 304 854 1000 862 301 908 1000 916
word 0.9648626 261 533 609 543 258 606 609 617
