word 0.85078996 3002 522 3089 522 3000 655 3089 658
word 0.7199099 2654 1278 2741 1281 2651 1321 2741 1321
word 0.66749895 2608 1074 2828 1071 2611 1126 2828 1123
word 0.61080015 2608 1177 2828 1177 2611 1226 2828 1226
word 0.6982151 2605 2363 2828 2339 2611 2407 2831 2382
word 0.7469329 2611 984 2915 987 2608 1028 2915 1033
word 0.816972 2611 440 2741 443 2608 524 2741 527
word 0.6624482 2611 1362 2787 1379 2605 1400 2785 1417
word 0.6376923 2567 2396 2872 2399 2564 2445 2872 2445
word 0.8705711 2521 19 3089 13 2524 291 3089 288
word 0.7656899 2388 1789 2654 1762 2393 1827 2657 1803
word 0.9549529 2393 859 2741 864 2390 922 2741 927
word 0.74252325 2350 1593 2567 1593 2347 1634 2567 1634
word 0.9796111 2173 582 2828 576 2175 655 2828 652
word 0.71472126 1999 979 2263 979 2001 1022 2263 1022
word 0.8879957 2001 1071 2263 1074 1999 1120 2263 1123
word 0.85683995 2001 1357 2263 1359 1999 1403 2263 1408
word 0.97352874 2001 859 2306 862 1999 919 2306 922
word 0.9610009 2001 1164 2263 1166 1999 1218 2263 1221
word 0.9292012 2001 1259 2263 1267 1999 1311 2263 1319
word 0.7700843 1914 650 2306 658 1912 704 2306 709
word 0.66330874 1868 2336 1958 2333 1871 2377 1958 2377
word 0.7412173 1827 2099 2116 2146 1797 2279 2088 2322
word 0.9010394 1653 1789 2567 1814 1651 1835 2567 1857
word 0.9106664 1610 1838 2654 1865 1607 1884 2654 1914
word 0.96355027 1610 1942 2654 1974 1607 1991 2654 2023
word 0.95078963 1610 1890 2654 1923 1607 1939 2654 1971
word 0.9642039 1610 1727 2437 1757 1607 1778 2437 1808
word 0.95804083 1517 747 2001 723 1523 802 2004 777
word 0.9013605 1523 856 1914 859 1520 919 1914 919
word 0.927178 1523 633 1827 647 1520 682 1827 696
word 0.9056727 1479 971 1871 973 1476 1011 1871 1014
word 0.9512549 1175 859 1436 859 1172 916 1436 916
word 0.93783355 1128 1389 1262 1387 1131 1441 1262 1438
word 0.9338525 1128 960 1392 960 1131 1025 1392 1025
word 0.92931926 1128 481 1914 481 1131 563 1914 563
word 0.96604013 1131 1248 1871 1248 1128 1294 1871 1294
word 0.90825087 1131 1058 1871 1060 1128 1107 1871 1112
word 0.99288124 1131 1335 1871 1340 1128 1387 1871 1389
word 0.8264436 1131 1150 1871 1155 1128 1196 1871 1204
word 0.99239284 1131 367 1914 375 1128 459 1914 465
word 0.8545067 1079 1762 1349 1738 1087 1835 1354 1811
word 0.90177107 1041 650 1479 628 1044 701 1479 682
word 0.9804849 870 1566 1218 1566 867 1621 1218 1621
word 0.7405451 783 837 1044 845 780 905 1044 913
word 0.69590026 429 1623 739 1618 435 1754 742 1746
word 0.84374267 345 840 609 835 348 905 609 900
word 0.89777774 304 1142 957 1147 301 1188 957 1194
word 0.8628057 304 1232 1000 1240 301 1278 1000 1289
word 0.9019935 304 1330 870 1338 301 1370 870 1379
word 0.9255662 304 1044 1000 1055 301 1093 1000 1104
word 0.96168923 258 726 1000 723 261 780 1000 777
word 0.8460978 261 1574 696 1577 258 1623 696 1626
word 0.9399063 261 946 870 957 258 998 870 1011
