word 0.7796322 1280 848 1330 856 1270 912 1322 918
word 0.76848936 1236 389 1301 388 1237 430 1301 429
word 0.96359813 1193 636 1344 634 1194 662 1344 661
word 0.97145826 1149 1038 1216 1034 1152 1062 1217 1058
word 0.98590916 1130 572 1280 574 1129 600 1280 604
word 0.9729489 1109 909 1216 910 1108 930 1216 932
word 0.9709107 960 566 1088 568 958 593 1088 593
word 0.9293004 960 622 1066 625 958 649 1066 653
word 0.9853334 916 460 1322 450 917 501 1322 493
word 0.9388173 808 964 960 949 810 984 961 970
word 0.9779745 789 970 1237 985 788 996 1237 1010
word 0.9625474 766 1074 1173 1060 768 1096 1173 1081
word 0.98686504 768 1046 1066 1049 766 1072 1066 1074
word 0.98181754 768 1021 1152 1028 766 1046 1152 1054
word 0.9565733 768 993 1237 1008 766 1018 1237 1034
word 0.9641512 746 554 896 558 745 589 896 592
word 0.9236305 725 500 960 506 724 533 960 540
word 0.85200614 704 940 853 946 702 962 853 970
word 0.81727844 574 552 704 552 576 580 704 580
word 0.65266 553 634 597 632 554 657 597 656
word 0.9894402 554 606 896 616 553 636 896 645
word 0.9457661 554 380 917 390 553 421 917 430
word 0.9638252 554 332 917 344 553 373 917 384
word 0.92982084 512 984 640 984 510 1009 640 1010
word 0.96647334 512 958 640 961 510 985 640 988
word 0.98540115 490 1069 768 1078 489 1108 768 1117
word 0.8385687 426 876 597 881 425 908 597 913
word 0.9039275 405 536 513 541 402 572 512 577
word 0.98497677 232 925 384 920 234 978 385 974
word 0.95167273 233 1010 384 1008 234 1060 384 1057
word 0.9876408 233 968 384 968 234 1017 384 1016
word 0.94874394 213 534 320 534 212 568 320 569
word 0.8796149 170 865 362 870 169 894 362 898
word 0.9418066 170 592 426 601 169 618 426 628
word 0.95180935 170 480 492 501 168 506 490 528
word 0.65059125 128 937 177 944 120 1002 170 1009
