word 0.82887596 1597 335 1771 353 1544 823 1720 840
word 0.9417469 1515 83 1576 83 1514 126 1576 126
word 0.9457841 1473 390 1638 387 1474 416 1638 413
word 0.7257304 1411 181 1597 179 1413 208 1597 206
word 0.94160295 1392 312 1576 313 1391 344 1576 345
word 0.96750736 1370 730 1515 729 1372 756 1515 755
word 0.9639906 1265 172 1617 147 1269 212 1620 186
word 0.879444 1167 313 1331 313 1166 343 1331 343
word 0.9795846 1167 387 1310 389 1166 413 1310 416
word 0.9335575 1126 190 1312 199 1123 226 1310 235
word 0.88366497 961 825 1392 823 962 852 1392 849
word 0.964695 961 945 1331 945 962 968 1331 968
word 0.91231483 962 884 1536 884 961 912 1536 912
word 0.9939375 962 913 1331 915 961 942 1331 943
word 0.9358764 921 309 1105 313 920 343 1105 346
word 0.9351415 899 248 1167 244 901 279 1167 275
word 0.9681211 901 791 1208 794 899 819 1208 823
word 0.7138966 716 311 860 314 715 337 860 341
word 0.9309252 675 103 1126 106 674 148 1126 151
word 0.9620009 675 40 1126 46 674 88 1126 93
word 0.68908536 675 417 716 418 674 446 716 448
word 0.7711194 654 861 757 861 655 889 757 888
word 0.9854459 654 386 1105 382 655 414 1105 410
word 0.8577105 654 825 819 821 655 864 819 860
word 0.9037335 634 194 1064 197 633 220 1064 222
word 0.96536607 613 970 983 968 614 1012 983 1011
word 0.7951377 552 307 614 308 551 343 614 344
word 0.9619169 512 730 716 730 510 765 716 765
word 0.72298056 471 304 532 305 469 341 532 343
word 0.9495954 389 872 460 894 377 906 450 928
word 0.837771 368 256 593 257 367 277 593 280
word 0.92923415 263 787 471 779 266 848 472 839
word 0.9826111 266 897 430 899 264 956 430 958
word 0.92780787 236 844 471 814 245 908 478 878
word 0.9823253 245 304 368 305 244 339 368 340
word 0.97558683 184 381 491 386 183 408 491 414
word 0.9062488 162 725 430 723 163 764 430 760
word 0.95732677 163 232 348 234 162 270 348 272
