word 0.6813774 2618 1213 2683 1211 2620 1268 2683 1266
word 0.8801799 2431 126 2557 128 2429 207 2557 209
word 0.8419889 2393 690 2683 659 2399 736 2687 704
word 0.93025464 2239 1286 2494 1286 2241 1328 2494 1328
word 0.9043163 2241 536 2557 540 2239 586 2557 590
word 0.9919507 2020 262 2620 266 2018 327 2620 331
word 0.64912754 1989 1667 2146 1669 1987 1708 2146 1708
word 0.95625144 1894 680 2115 682 1892 722 2115 724
word 0.93510723 1862 538 2146 538 1860 586 2146 588
word 0.9137953 1766 327 2652 307 1768 378 2652 357
word 0.8808807 1702 428 1862 424 1704 481 1862 479
word 0.85600036 1513 1669 1957 1665 1515 1712 1957 1708
word 0.9651638 1513 1454 2178 1452 1515 1501 2178 1499
word 0.6769383 1513 1618 1704 1616 1515 1655 1704 1653
word 0.97821033 1515 1497 2525 1503 1513 1551 2525 1554
word 0.9244758 1420 534 1736 542 1418 586 1736 593
word 0.9749313 1387 337 1673 337 1389 380 1673 380
word 0.9770596 1389 418 1641 420 1387 471 1641 471
word 0.93902797 1389 678 1736 678 1387 714 1736 716
word 0.8083065 1227 339 1357 331 1231 384 1359 376
word 0.84378797 1073 540 1294 544 1071 584 1294 588
word 0.9887533 1008 672 1262 670 1010 728 1262 724
word 0.9788421 1010 61 1768 63 1008 146 1768 147
word 0.9309862 1010 165 1768 167 1008 244 1768 248
word 0.8792901 976 1509 1136 1507 978 1564 1136 1562
word 0.8375608 945 1446 1199 1444 947 1505 1199 1503
word 0.9161298 915 327 1168 331 913 380 1168 384
word 0.9285984 882 1697 1547 1693 884 1758 1547 1754
word 0.79023486 820 538 886 540 816 591 884 593
word 0.9727825 755 1286 1168 1284 757 1341 1168 1339
word 0.9639227 599 670 820 672 597 722 820 726
word 0.8650822 503 449 852 449 505 489 852 489
word 0.9207262 313 1367 568 1365 315 1464 568 1464
word 0.8553045 280 1432 631 1422 284 1537 633 1527
word 0.85064536 252 536 473 540 250 588 473 591
word 0.8727453 187 676 568 676 189 718 568 718
word 0.92739946 155 1270 536 1268 157 1326 536 1324
word 0.95878834 157 416 442 420 155 471 442 473
word 0.79776776 7 1517 157 1481 31 1616 179 1582
