word 0.7784784 1487 445 1542 443 1489 482 1543 479
word 0.701378 1472 549 1507 551 1471 581 1507 582
word 0.69503164 1302 528 1560 421 1454 899 1598 793
word 0.7114512 1454 763 1491 765 1452 786 1489 788
word 0.79239315 1419 150 1489 151 1418 199 1489 201
word 0.91673744 1332 437 1454 440 1331 465 1454 469
word 0.96884495 1297 362 1457 372 1293 404 1454 414
word 0.96373254 1227 761 1368 766 1224 792 1367 797
word 0.98028004 1086 340 1228 345 1084 377 1227 382
word 0.9579191 1069 408 1193 414 1067 437 1191 442
word 0.9609978 1050 211 1507 209 1051 261 1507 259
word 0.8003534 929 116 1055 127 924 164 1051 175
word 0.96234787 858 202 893 202 857 225 893 225
word 0.89672816 841 310 1036 322 838 352 1034 364
word 0.9835255 823 808 1246 851 820 840 1244 883
word 0.9890433 823 835 1370 891 819 869 1367 925
word 0.9923626 823 866 1353 920 819 900 1349 955
word 0.97858393 806 245 1035 257 804 281 1034 293
word 0.97069025 806 896 1211 934 803 930 1209 968
word 0.844607 736 104 911 105 735 154 911 156
word 0.9163786 736 374 982 391 734 402 981 418
word 0.8970425 736 43 1053 61 732 94 1051 111
word 0.86520815 594 304 736 304 595 333 736 333
word 0.9781275 560 35 684 39 558 86 683 89
word 0.9113307 560 95 702 101 558 143 701 150
word 0.84742403 524 373 683 372 525 403 683 403
word 0.8236309 508 834 631 835 507 864 631 866
word 0.9467279 508 186 806 190 507 214 806 219
word 0.9574478 490 939 1174 946 489 975 1174 981
word 0.6575974 453 300 490 297 455 329 491 327
word 0.6558119 367 299 403 299 368 327 403 327
word 0.7295508 155 804 210 803 157 858 211 856
word 0.6526111 157 827 334 831 155 914 333 919
word 0.95567 139 297 262 296 140 326 262 326
word 0.9295668 86 702 297 702 87 731 297 731
word 0.865885 69 374 280 373 70 398 280 397
word 0.9533927 70 232 439 249 67 256 438 274
