word 0.74285465 2440 801 2558 804 2424 1680 2551 1682
word 0.955826 2324 298 2440 291 2329 392 2442 388
word 0.97611934 2290 855 2551 845 2292 896 2551 887
word 0.814926 2107 707 2440 714 2105 755 2440 762
word 0.95388347 2107 1425 2440 1437 2105 1469 2440 1479
word 0.86579794 1992 1770 2070 1763 1996 1818 2073 1814
word 0.9688061 1883 439 2514 434 1885 499 2514 494
word 0.96963215 1774 838 2070 841 1772 882 2070 887
word 0.9428445 1737 709 2033 709 1735 753 2033 753
word 0.94511735 1624 494 2551 487 1627 552 2551 545
word 0.9649898 1590 598 1737 598 1587 642 1737 642
word 0.8910471 1405 1784 2366 1802 1402 1821 2366 1839
word 0.97555894 1368 1735 2366 1747 1365 1779 2366 1793
word 0.8706646 1368 1631 2107 1643 1365 1675 2107 1684
word 0.98411554 1368 1573 2403 1592 1365 1624 2403 1643
word 0.9773677 1294 693 1627 697 1291 755 1627 760
word 0.8762756 1257 582 1553 582 1254 640 1553 640
word 0.88958913 1220 1513 1774 1534 1217 1560 1774 1583
word 0.9519909 1109 499 1553 503 1107 547 1553 552
word 0.962185 924 695 1183 697 922 746 1183 746
word 0.9486592 887 866 961 866 885 929 961 929
word 0.9851714 848 256 1627 247 850 325 1627 316
word 0.90335524 850 339 1664 339 848 420 1664 420
word 0.8968991 850 820 1627 829 848 862 1627 871
word 0.81168735 813 1622 998 1624 811 1684 998 1687
word 0.79612446 774 1562 1072 1557 776 1624 1072 1620
word 0.9046321 776 494 1035 499 774 540 1035 545
word 0.89016306 739 1814 1368 1818 737 1876 1368 1878
word 0.9246469 591 1409 1146 1414 589 1458 1146 1460
word 0.809703 517 674 776 681 515 737 776 744
word 0.9858882 369 598 739 600 367 635 739 640
word 0.60099787 221 1546 332 1546 219 1610 332 1610
word 0.8446278 184 1652 480 1657 182 1761 480 1765
word 0.96260375 143 1569 517 1560 147 1673 520 1666
word 0.889682 147 1474 517 1476 145 1585 517 1585
word 0.9612494 108 679 332 679 110 732 332 732
word 0.97752315 36 801 591 815 34 850 591 862
word 0.97065127 0 1393 406 1398 0 1444 406 1449
word 0.9063662 0 570 295 573 0 617 295 619
