word 0.6752005 2191 1019 2443 978 2202 1071 2452 1030
word 0.73738354 2202 413 2340 413 2200 499 2340 499
word 0.84981894 2028 1501 2305 1499 2030 1557 2305 1553
word 0.9348026 1996 800 2305 800 1994 851 2305 851
word 0.64396775 2340 832 2589 1443 1940 1208 2512 1817
word 0.98911613 1787 548 2374 548 1789 606 2374 606
word 0.8329998 1789 1804 2030 1809 1787 1862 2030 1867
word 0.91765493 1686 1002 1892 1011 1684 1047 1892 1056
word 0.9012185 1652 916 1927 920 1649 963 1927 967
word 0.8497357 1617 802 1892 802 1615 847 1892 849
word 0.904251 1546 602 1824 600 1548 664 1824 662
word 0.64486563 1479 692 1617 692 1477 737 1617 739
word 0.7195219 1411 1735 2136 1768 1406 1791 2133 1824
word 0.8172987 1376 1688 2202 1712 1374 1742 2202 1766
word 0.9016541 1342 1630 2308 1673 1337 1686 2305 1729
word 0.70091623 1236 30 1342 25 1239 81 1342 77
word 0.6289066 1202 0 1342 0 1204 49 1342 47
word 0.83326757 1202 802 1548 800 1204 851 1548 851
word 0.88389564 1170 692 1445 694 1168 744 1445 746
word 0.8856054 1170 1572 1757 1604 1165 1624 1755 1656
word 0.90521264 1030 608 1479 606 1032 664 1479 662
word 0.86062574 998 103 1066 105 995 146 1066 148
word 0.97197163 998 126 1066 129 995 172 1066 174
word 0.9232755 961 0 1170 0 963 96 1170 94
word 0.74099016 892 808 1135 804 894 851 1135 845
word 0.62990296 894 1873 1307 1875 892 1933 1307 1933
word 0.965728 858 380 1548 369 860 456 1548 443
word 0.92891365 858 920 1583 914 860 963 1583 957
word 0.9858996 858 466 1548 464 860 544 1548 539
word 0.9548963 858 1004 1548 1002 860 1047 1548 1045
word 0.9312787 791 154 862 159 787 219 860 223
word 0.9645914 757 615 998 615 755 664 998 664
word 0.7668341 688 60 894 64 686 152 894 154
word 0.89435697 647 4 929 0 653 107 933 94
word 0.66717076 195 266 516 234 206 359 524 324
word 0.8862124 206 795 413 798 204 849 413 851
word 0.9316839 172 1002 619 1004 169 1041 619 1045
word 0.9470727 137 916 653 920 135 959 653 963
word 0.89368 103 690 759 724 98 737 757 772
word 0.89959955 68 1439 481 1443 66 1497 481 1501
word 0.81578666 68 139 139 146 64 176 137 182
word 0.8780222 68 139 268 221 4 294 206 376
word 0.6035458 0 1148 68 1146 0 1213 68 1211
word 0.76163036 0 1548 105 1555 0 1591 103 1598
word 0.6191884 0 238 129 277 0 324 103 363
