word 0.9186946 3087 163 3176 160 3089 217 3176 214
word 0.80436385 2828 1691 2921 1708 2820 1727 2915 1743
word 0.8384269 2698 1207 2915 1210 2695 1237 2915 1240
word 0.8563792 2651 742 2785 739 2654 815 2785 813
word 0.89885956 2608 1289 2872 1283 2611 1321 2872 1319
word 0.81972677 2611 1961 2744 1971 2605 2004 2741 2015
word 0.76387787 2477 1115 2785 1101 2480 1164 2785 1147
word 0.98135453 2477 1729 2698 1727 2480 1781 2698 1778
word 0.8390555 2437 146 2698 160 2434 187 2698 203
word 0.9678463 2390 1890 2741 1882 2393 1931 2741 1923
word 0.8412532 2260 873 2959 854 2263 932 2959 913
word 0.86512226 2173 1117 2437 1112 2175 1164 2437 1161
word 0.8880344 2129 1210 2393 1204 2132 1259 2393 1253
word 0.8323302 2132 1291 2393 1291 2129 1338 2393 1338
word 0.80808824 2086 930 2393 927 2088 976 2393 971
word 0.90437186 1914 97 2132 97 1912 144 2132 146
word 0.9716459 1914 0 2828 38 1912 38 2828 87
word 0.86868227 1914 119 2265 157 1909 165 2263 206
word 0.935534 1868 2012 2698 1980 1871 2061 2698 2029
word 0.97500575 1868 1963 2567 1950 1871 2012 2567 1999
word 0.8312681 1868 2116 1958 2113 1871 2162 1958 2159
word 0.9358081 1868 2097 2437 2097 1871 2143 2437 2140
word 0.97676635 1868 2061 2654 2026 1871 2110 2654 2075
word 0.967357 1738 1123 2088 1117 1740 1183 2088 1177
word 0.90773743 1735 1025 2175 990 1740 1071 2178 1039
word 0.9519344 1738 1882 2263 1865 1740 1933 2263 1914
word 0.8014865 1740 932 1958 935 1738 971 1958 973
word 0.9260646 1694 1229 2088 1215 1697 1272 2088 1259
word 0.9114507 1697 0 1827 0 1694 35 1827 38
word 0.9001976 1523 103 1830 125 1517 163 1827 187
word 0.9743444 1433 1139 1653 1136 1436 1188 1653 1185
word 0.8849351 1346 791 2088 780 1349 870 2088 859
word 0.94459116 1346 696 2088 696 1349 772 2088 769
word 0.8665909 1346 1234 1653 1234 1349 1281 1653 1278
word 0.92656386 1346 1324 2088 1297 1349 1370 2088 1346
word 0.89960295 1340 1977 1610 1958 1349 2056 1615 2034
word 0.9625394 1300 2203 1871 2170 1305 2279 1874 2246
word 0.85272014 1256 951 1697 922 1262 998 1699 971
word 0.91414225 1215 46 1436 40 1218 97 1436 92
word 0.8603491 1128 1811 1523 1795 1131 1865 1523 1846
word 0.8576792 1044 1139 1262 1142 1041 1199 1262 1202
word 0.97503734 913 0 1610 0 911 51 1610 57
word 0.96188504 870 21 1183 65 859 87 1175 133
word 0.85109264 818 2050 1087 2031 826 2170 1093 2154
word 0.9395596 783 1963 1131 1969 780 2061 1131 2069
word 0.90670395 650 1150 870 1139 652 1210 870 1202
word 0.6481419 652 0 739 0 650 133 739 133
word 0.99090976 563 1349 1087 1332 565 1400 1087 1384
word 0.9402809 563 1262 1131 1243 565 1311 1131 1291
word 0.941769 565 1819 1142 1887 552 1914 1131 1982
word 0.98592305 519 1044 1218 1022 522 1096 1218 1074
