word 0.86868024 1193 114 1258 112 1194 153 1258 152
word 0.95196503 1172 350 1322 344 1173 369 1322 364
word 0.86633456 1108 292 1258 289 1109 314 1258 312
word 0.85959786 1109 612 1237 612 1108 633 1237 634
word 0.98220134 1022 196 1280 188 1024 221 1280 212
word 0.9790657 1022 176 1280 164 1024 202 1280 192
word 0.86742824 937 297 1088 290 938 324 1088 317
word 0.95663595 937 356 1045 354 938 377 1045 376
word 0.93734473 916 208 1024 206 917 232 1024 230
word 0.946242 809 797 1088 782 810 817 1088 802
word 0.97193605 809 749 1237 730 810 770 1237 753
word 0.94231856 788 772 1194 757 789 796 1194 780
word 0.9097906 788 725 1088 720 789 745 1088 741
word 0.970936 789 697 1237 712 788 718 1237 733
word 0.9542699 745 301 917 300 746 329 917 328
word 0.91388404 746 670 1130 693 745 692 1130 714
word 0.9082629 724 250 938 246 725 278 938 276
word 0.88599443 596 313 704 309 597 333 704 329
word 0.93843144 553 145 917 134 554 188 917 176
word 0.8587554 553 740 661 738 554 761 661 760
word 0.79892445 553 722 597 721 554 753 597 750
word 0.83529234 553 709 682 706 554 734 682 733
word 0.9879446 553 102 896 92 554 142 896 133
word 0.9811643 553 372 896 356 554 396 896 380
word 0.89351153 530 821 810 808 533 854 812 841
word 0.9449121 532 222 874 214 533 245 874 237
word 0.971329 446 642 640 638 448 669 640 664
word 0.7078698 404 312 533 310 405 345 533 345
word 0.9626439 276 778 426 777 277 818 426 817
word 0.97682315 277 680 430 694 272 733 426 748
word 0.84830844 254 738 405 738 256 781 405 781
word 0.95583373 233 320 341 320 234 350 341 350
word 0.9789606 190 385 426 376 192 410 426 400
word 0.92434573 190 642 384 640 192 670 384 668
word 0.9250393 170 272 490 273 169 300 490 301
word 0.82943213 170 692 213 693 169 730 213 732
